[{"id": 0, "img_name": "0001", "width": 718, "height": 717, "position": [1.4967628758791043, -2.6314619562188493, 1.198409182932227], "rotation": [[-0.9539956514579108, 0.21932645267785292, -0.20442163328558244], [-0.22158934733357424, -0.05649269648516411, 0.9735023042561919], [0.20196647778202256, 0.974014621245279, 0.10249419228785198]], "fy": 813.3191871511956, "fx": 816.0542722215046}, {"id": 1, "img_name": "0009", "width": 718, "height": 717, "position": [2.78729152846745, -1.825869136989829, 0.5439779614520673], "rotation": [[-0.6649540815030006, 0.43997819175401603, -0.6035356329773468], [-0.650322405418254, 0.05633030091055507, 0.7575669384353715], [0.36731027552127704, 0.8962399723177896, 0.2486706124902798]], "fy": 813.3191871511956, "fx": 816.0542722215046}, {"id": 2, "img_name": "0017", "width": 718, "height": 717, "position": [3.790759182657823, -0.5264457759110353, -0.34071242839806004], "rotation": [[-0.019141567784518854, 0.6418168647905217, -0.766619013887091], [-0.8161803198877697, 0.43283874375704984, 0.38275358565363776], [0.5774801172427051, 0.6330258556909693, 0.5155530818607019]], "fy": 813.3191871511956, "fx": 816.0542722215046}, {"id": 3, "img_name": "0025", "width": 718, "height": 717, "position": [3.427288942436507, 0.6979846044643542, -1.377018886653823], "rotation": [[0.6393556468330648, 0.5320276365587644, -0.5551314716356557], [-0.6380869698490256, 0.7699583876867236, 0.003016643789004256], [0.42903307072015123, 0.352293450362842, 0.8317571454817094]], "fy": 813.3191871511956, "fx": 816.0542722215046}, {"id": 4, "img_name": "0033", "width": 718, "height": 717, "position": [2.094547864846554, 1.721052882747921, -1.8972926202877811], "rotation": [[0.9616461150728203, 0.19280434881542563, -0.1950980072763725], [-0.23329541648404892, 0.9489962804116963, -0.21208325820842014], [0.14425670872748333, 0.2494645121908624, 0.9575789571332951]], "fy": 813.3191871511956, "fx": 816.0542722215046}, {"id": 5, "img_name": "0041", "width": 718, "height": 717, "position": [0.5295786326909006, 3.0834162493135007, -2.96975521214752], "rotation": [[0.9805532459714711, -0.07339840012045377, 0.18201100701487638], [0.11761116144068497, 0.9622141190824852, -0.24558420906664563], [-0.15710807273779653, 0.26221491928964397, 0.9521346488719654]], "fy": 813.3191871511956, "fx": 816.0542722215046}, {"id": 6, "img_name": "0049", "width": 718, "height": 717, "position": [-1.67568323255168, 2.232968517014782, -2.7069797139025322], "rotation": [[0.6687168163565022, -0.45722412038008964, 0.5863138436577097], [0.599842713012019, 0.7977065018246351, -0.06207299407217161], [-0.4393250950815404, 0.39320534163380394, 0.8077023091103794]], "fy": 813.3191871511956, "fx": 816.0542722215046}, {"id": 7, "img_name": "0057", "width": 718, "height": 717, "position": [-2.0265827841919735, 1.2840925523063598, -1.6914306483044603], "rotation": [[0.35249345727943915, -0.5841667915216103, 0.731093374514183], [0.7718335851392512, 0.6232441476792412, 0.12585566826594055], [-0.5291703689987548, 0.5199191206975594, 0.6705690333640513]], "fy": 813.3191871511956, "fx": 816.0542722215046}, {"id": 8, "img_name": "0065", "width": 718, "height": 717, "position": [-2.2479450286531075, 0.30416256494892596, -0.8778536375140352], "rotation": [[0.05749123925981846, -0.6498250021914516, 0.7579064743985567], [0.8491427271307427, 0.4310680601204392, 0.30518348006562623], [-0.5250251292741475, 0.6260253941102399, 0.5765768115002402]], "fy": 813.3191871511956, "fx": 816.0542722215046}, {"id": 9, "img_name": "0073", "width": 718, "height": 717, "position": [-1.742889768598183, -0.6797807438562654, 0.3828751322699932], "rotation": [[-0.4278151133016363, -0.5750924442981018, 0.6973111997823802], [0.6332883066628959, 0.35974093108553756, 0.6852243305266912], [-0.644918715401212, 0.7347483535285704, 0.21029671303257536]], "fy": 813.3191871511956, "fx": 816.0542722215046}, {"id": 10, "img_name": "0081", "width": 718, "height": 717, "position": [-2.24660120520909, -0.4639391639157315, 2.7648247152325376], "rotation": [[-0.6634180535641838, -0.3119969357347672, 0.6800988150976477], [0.5608879378630827, 0.3942473494221122, 0.7279929591921457], [-0.4952587277018016, 0.8644228939389298, -0.08655549127258166]], "fy": 813.3191871511956, "fx": 816.0542722215046}, {"id": 11, "img_name": "0089", "width": 718, "height": 717, "position": [-1.1980354220700695, -1.635861734268989, 4.057053981538565], "rotation": [[-0.8201892164253465, -0.24647286989200778, 0.5162758697312645], [0.36705045395983965, 0.4654949590978735, 0.8053498663949382], [-0.43882070770127946, 0.8500385682200935, -0.2913259669697877]], "fy": 813.3191871511956, "fx": 816.0542722215046}, {"id": 12, "img_name": "0097", "width": 718, "height": 717, "position": [-0.29758141891512113, -0.9243816563356431, 5.0440513295582035], "rotation": [[-0.9174558782621538, -0.14505449897417905, 0.37045094650920884], [0.19698775837788052, 0.6433700308452973, 0.7397775520109937], [-0.3456450990415987, 0.7516875652406861, -0.561689656101171]], "fy": 813.3191871511956, "fx": 816.0542722215046}, {"id": 13, "img_name": "0105", "width": 718, "height": 717, "position": [0.5033480154394461, -0.29500504363208263, 5.298495841333895], "rotation": [[-0.9858339445073472, -0.06885373377096472, 0.15293984831587082], [0.042986965705671905, 0.7776722483268043, 0.6271985291450806], [-0.16212203624585975, 0.6248880199908863, -0.7636958870095906]], "fy": 813.3191871511956, "fx": 816.0542722215046}, {"id": 14, "img_name": "0113", "width": 718, "height": 717, "position": [0.5919605577935134, -1.1259877586023255, 3.9122674390555794], "rotation": [[-0.9997042426485186, 0.01512553834526398, -0.0190432486807501], [-0.0032840840243814513, 0.691914497492479, 0.721971982110006], [0.02409651474117666, 0.7218209932174986, -0.6916601851544092]], "fy": 813.3191871511956, "fx": 816.0542722215046}, {"id": 15, "img_name": "0121", "width": 718, "height": 717, "position": [-0.2586427657199358, -2.187173015445801, 0.978874400285076], "rotation": [[-0.7333483514971079, -0.5913158814653799, 0.33547835054336217], [0.42475336023933624, -0.013212765261541373, 0.9052126853947288], [-0.5308340402817692, 0.8063317872693376, 0.2608529672385748]], "fy": 813.3191871511956, "fx": 816.0542722215046}, {"id": 16, "img_name": "0129", "width": 718, "height": 717, "position": [0.1604089513562796, -0.5028821658264752, 0.04265875404326016], "rotation": [[0.8816016042789422, -0.3778916653328485, 0.28280116796923194], [0.2902068514606765, 0.9065087553481751, 0.3066298417349218], [-0.372234596320756, -0.18825452384755248, 0.908846323397336]], "fy": 813.3191871511956, "fx": 816.0542722215046}, {"id": 17, "img_name": "0137", "width": 718, "height": 717, "position": [0.13677580445462934, 1.3098557446843089, -2.399171644212929], "rotation": [[0.9995884833181934, 0.02725784385836818, 0.008937223608403093], [-0.027944937378751693, 0.995652750253048, 0.08885201960810668], [-0.006476456788354568, -0.08906520567390247, 0.996004741276734]], "fy": 813.3191871511956, "fx": 816.0542722215046}, {"id": 18, "img_name": "0145", "width": 718, "height": 717, "position": [0.24455406522228962, 1.589118101087807, -3.3820155952378643], "rotation": [[0.9999984328174772, 0.0013011862879590747, 0.0012005318959973405], [-0.001329430475508823, 0.9997150580547377, 0.023833491419077858], [-0.0011691780018748509, -0.023835050091336008, 0.9997152211554765]], "fy": 813.3191871511956, "fx": 816.0542722215046}, {"id": 19, "img_name": "0153", "width": 718, "height": 717, "position": [0.3333552411291014, 1.2665701677057222, -3.569984452492558], "rotation": [[0.9986007003709476, 0.005255582060342928, 0.052621479225310096], [-0.005624618933147983, 0.9999606003763173, 0.00686741267812814], [-0.05258331370795886, -0.007153778878456018, 0.9985909165255054]], "fy": 813.3191871511956, "fx": 816.0542722215046}, {"id": 20, "img_name": "0002", "width": 718, "height": 717, "position": [1.4960877665119972, -2.733449554726971, 1.1229544268673026], "rotation": [[-0.95377053949673, 0.22083422641325187, -0.20384798854189498], [-0.22136556131140392, -0.05744798751040675, 0.9734973122696801], [0.20327086917067824, 0.9736179811278469, 0.10367729052754171]], "fy": 813.3191871511956, "fx": 816.0542722215046}, {"id": 21, "img_name": "0003", "width": 718, "height": 717, "position": [1.499847475359392, -2.7604589399857735, 1.0890044298056671], "rotation": [[-0.9537549427007024, 0.22190811592079118, -0.20275181222979183], [-0.22078412966338154, -0.05945368933763802, 0.9735089249272073], [0.20397518810571835, 0.9732533313133986, 0.10569804030637689]], "fy": 813.3191871511956, "fx": 816.0542722215046}, {"id": 22, "img_name": "0004", "width": 718, "height": 717, "position": [1.5565042997907448, -2.7238863063391423, 1.1511329560245633], "rotation": [[-0.9464483269734986, 0.22583453326906297, -0.2307256551669319], [-0.24979557028401922, -0.05946361630647361, 0.9664710297790814], [0.2045427520973233, 0.9723491358143438, 0.11269170619682696]], "fy": 813.3191871511956, "fx": 816.0542722215046}, {"id": 23, "img_name": "0005", "width": 718, "height": 717, "position": [1.7023477903571909, -2.560503689668908, 1.2038751262793286], "rotation": [[-0.9060273342439441, 0.2576710235783021, -0.335738161683955], [-0.359492120837209, -0.049928083948734214, 0.9318114624156396], [0.22333805018128225, 0.9649418791001442, 0.1378669115484385]], "fy": 813.3191871511956, "fx": 816.0542722215046}, {"id": 24, "img_name": "0006", "width": 718, "height": 717, "position": [1.9783906814509644, -2.3961257110280223, 1.0883449724413186], "rotation": [[-0.8508106090853534, 0.3133472296054736, -0.42182321079616203], [-0.4523728793407745, -0.028337484353448218, 0.8913785755880912], [0.267357598554344, 0.9492157292623696, 0.16585962081278757]], "fy": 813.3191871511956, "fx": 816.0542722215046}, {"id": 25, "img_name": "0007", "width": 718, "height": 717, "position": [2.2815693442010097, -2.1862769921236587, 0.8794003619927909], "rotation": [[-0.7826563894059809, 0.3881470378078789, -0.48661160401593534], [-0.5232567535183236, 0.013136185172770572, 0.8520738292757091], [0.33712215296455517, 0.9215038348699778, 0.19281943963321616]], "fy": 813.3191871511956, "fx": 816.0542722215046}, {"id": 26, "img_name": "0008", "width": 718, "height": 717, "position": [2.5315940435741457, -2.03773641929416, 0.7045493454263855], "rotation": [[-0.7309624893792068, 0.418064251181582, -0.5393664070041213], [-0.5801649494201359, 0.035445275379435474, 0.8137273891897744], [0.3593083224542446, 0.9077256823166667, 0.21663705841304629]], "fy": 813.3191871511956, "fx": 816.0542722215046}, {"id": 27, "img_name": "0010", "width": 718, "height": 717, "position": [2.8126103365657564, -1.668235769072868, 0.5729605599463256], "rotation": [[-0.5930468225902482, 0.4749769831020039, -0.6501479306580378], [-0.7010115575066381, 0.09262170857752451, 0.7071096204566144], [0.3960786064125751, 0.8751103271151006, 0.27803534472935926]], "fy": 813.3191871511956, "fx": 816.0542722215046}, {"id": 28, "img_name": "0011", "width": 718, "height": 717, "position": [2.7465225155783046, -1.5726387069173444, 0.6036313410898961], "rotation": [[-0.5062233957094487, 0.5167296086117498, -0.6904552014579532], [-0.7446303847720166, 0.14198236376910073, 0.6522013480918429], [0.4350442089152245, 0.8442935034468088, 0.3128977729656123]], "fy": 813.3191871511956, "fx": 816.0542722215046}, {"id": 29, "img_name": "0012", "width": 718, "height": 717, "position": [2.7400171258966717, -1.4220378125793782, 0.5586084680456112], "rotation": [[-0.411985977054564, 0.5606632685727392, -0.7182786743205791], [-0.7730664864310527, 0.20219441542402175, 0.6012367469878109], [0.4823232964180178, 0.8029782796842456, 0.35012871931303513]], "fy": 813.3191871511956, "fx": 816.0542722215046}, {"id": 30, "img_name": "0013", "width": 718, "height": 717, "position": [2.7926339636525275, -1.2416368664861126, 0.4721225148150726], "rotation": [[-0.3442401290496099, 0.5865593865651592, -0.7331076452910661], [-0.7858265616172562, 0.2472924488823641, 0.5668536493510158], [0.5137853137339647, 0.7712292335992377, 0.375805961412567]], "fy": 813.3191871511956, "fx": 816.0542722215046}, {"id": 31, "img_name": "0014", "width": 718, "height": 717, "position": [3.0005805307314564, -1.0293666313779768, 0.3559000847105867], "rotation": [[-0.27270296995556254, 0.6032800769020951, -0.7494572963087472], [-0.8047728163858222, 0.2838487616586782, 0.5213162135511098], [0.5272322108747215, 0.7453073388326706, 0.4080970062354246]], "fy": 813.3191871511956, "fx": 816.0542722215046}, {"id": 32, "img_name": "0015", "width": 718, "height": 717, "position": [3.2785973709504237, -0.884223291181725, 0.21123580750504015], "rotation": [[-0.2112431468900085, 0.6162513930143974, -0.7586900246476297], [-0.8151582862408177, 0.31723568690116905, 0.48464263878581354], [0.5393452523800867, 0.7208298964139584, 0.43532856461631636]], "fy": 813.3191871511956, "fx": 816.0542722215046}, {"id": 33, "img_name": "0016", "width": 718, "height": 717, "position": [3.570382831639036, -0.7318695611692246, -0.06664922938655152], "rotation": [[-0.12146265949147417, 0.6310359166038951, -0.7661856787392596], [-0.8220563096132499, 0.3686599852166026, 0.433950733522987], [0.5563004998867989, 0.6825565817248972, 0.4739686345843167]], "fy": 813.3191871511956, "fx": 816.0542722215046}, {"id": 34, "img_name": "0018", "width": 718, "height": 717, "position": [3.8284971471171674, -0.4520913444309262, -0.5396893364337595], "rotation": [[0.09264020843269538, 0.6427289473634444, -0.7604717562162483], [-0.8009366745619367, 0.501845351805925, 0.3265756975227237], [0.5915388703400757, 0.5788356788345599, 0.5612762437382516]], "fy": 813.3191871511956, "fx": 816.0542722215046}, {"id": 35, "img_name": "0019", "width": 718, "height": 717, "position": [3.7000383050762893, -0.3894745908141033, -0.5696634764308122], "rotation": [[0.25556522825733863, 0.6255110126006224, -0.7371718844483414], [-0.7687904031749977, 0.5938237495738901, 0.23734925832627027], [0.5862147474192364, 0.5060724528734498, 0.6326475656721131]], "fy": 813.3191871511956, "fx": 816.0542722215046}, {"id": 36, "img_name": "0020", "width": 718, "height": 717, "position": [3.5020654136883373, -0.24158445091318312, -0.5211010591634674], "rotation": [[0.3742805387614462, 0.6007915936319195, -0.7063735126161371], [-0.7239760887166903, 0.6653118946546476, 0.18225999505521237], [0.5794589728970676, 0.4431811636929772, 0.6839720424672444]], "fy": 813.3191871511956, "fx": 816.0542722215046}, {"id": 37, "img_name": "0021", "width": 718, "height": 717, "position": [3.3087485115227815, -0.09065845487339717, -0.6046819040418487], "rotation": [[0.4525627349247052, 0.5811322772345606, -0.6763669472362206], [-0.6945623583749373, 0.7054102739347049, 0.14134877345067226], [0.5592585281299836, 0.4058098345081576, 0.7228750078197101]], "fy": 813.3191871511956, "fx": 816.0542722215046}, {"id": 38, "img_name": "0022", "width": 718, "height": 717, "position": [3.2547109134137533, 0.06515898390775034, -0.7234853151938742], "rotation": [[0.4908421530782975, 0.5825156089226593, -0.647880811664402], [-0.6953890023830301, 0.7099349616345602, 0.1114741477369067], [0.5248886702208335, 0.395812980598665, 0.7535409532755375]], "fy": 813.3191871511956, "fx": 816.0542722215046}, {"id": 39, "img_name": "0023", "width": 718, "height": 717, "position": [3.2704679650554835, 0.2287367150653388, -0.8795065496769312], "rotation": [[0.5230191182946662, 0.5811355415745244, -0.6234841491306367], [-0.6962036239969965, 0.7132810729118909, 0.0808122822293147], [0.49168233223466384, 0.3918055555304774, 0.7776483079282919]], "fy": 813.3191871511956, "fx": 816.0542722215046}, {"id": 40, "img_name": "0024", "width": 718, "height": 717, "position": [3.342755218215022, 0.48054659362624763, -1.1597082856016787], "rotation": [[0.5731727814450022, 0.5676443264715897, -0.5909762103800921], [-0.6801183910653906, 0.7318224179106192, 0.0433003784981052], [0.4570688533965356, 0.3771151909802498, 0.8055260368148914]], "fy": 813.3191871511956, "fx": 816.0542722215046}, {"id": 41, "img_name": "0026", "width": 718, "height": 717, "position": [3.519516613255522, 0.8803770212438534, -1.536741066503377], "rotation": [[0.7078980527228099, 0.48883301453846795, -0.5098260790195884], [-0.5896322382606471, 0.8063877269991384, -0.04552644669752236], [0.38886266284511434, 0.3328379750605345, 0.8590720061802792]], "fy": 813.3191871511956, "fx": 816.0542722215046}, {"id": 42, "img_name": "0027", "width": 718, "height": 717, "position": [3.4850701809780027, 1.0932737830552801, -1.7069664446853035], "rotation": [[0.7461017712743333, 0.47195273399467663, -0.4696730392264946], [-0.5710911277192217, 0.8162652187621291, -0.08698285164100486], [0.3423259714682631, 0.3331241653110194, 0.8785449446352456]], "fy": 813.3191871511956, "fx": 816.0542722215046}, {"id": 43, "img_name": "0028", "width": 718, "height": 717, "position": [3.387968542032174, 1.268229406359588, -1.8714143341993041], "rotation": [[0.7808820382624883, 0.44820222353979067, -0.4351298761668859], [-0.5434670401985208, 0.8308876900159056, -0.11945385216849194], [0.3080045755128994, 0.32975811346200434, 0.8924084087843966]], "fy": 813.3191871511956, "fx": 816.0542722215046}, {"id": 44, "img_name": "0029", "width": 718, "height": 717, "position": [3.1265168109256796, 1.496569130826082, -1.891901520788343], "rotation": [[0.828773409033197, 0.40177868994111376, -0.3894977802102286], [-0.48845847908292095, 0.8590281158479469, -0.1532286213301096], [0.273025549521456, 0.3172453001888738, 0.9081918678432318]], "fy": 813.3191871511956, "fx": 816.0542722215046}, {"id": 45, "img_name": "0030", "width": 718, "height": 717, "position": [2.843825910865622, 1.582876640422748, -1.8128330523249583], "rotation": [[0.8706456737170776, 0.35027853983179663, -0.34537089537342364], [-0.42664240793122377, 0.887183249116468, -0.17573314497212666], [0.24485172368677166, 0.3003511728301584, 0.921865937317984]], "fy": 813.3191871511956, "fx": 816.0542722215046}, {"id": 46, "img_name": "0031", "width": 718, "height": 717, "position": [2.5407352696570653, 1.5824749914523, -1.7889771134163839], "rotation": [[0.9130471466921238, 0.2844737013625609, -0.2922663530932971], [-0.34774159923146264, 0.917430295426595, -0.19338415963417363], [0.21312129898561533, 0.2782020241956469, 0.9365804533792752]], "fy": 813.3191871511956, "fx": 816.0542722215046}, {"id": 47, "img_name": "0032", "width": 718, "height": 717, "position": [2.255519439472264, 1.6253603267229424, -1.8382254249219412], "rotation": [[0.9442356000798442, 0.22593947474171602, -0.239521367095493], [-0.27665239974165834, 0.9388495425468467, -0.20499996628477318], [0.17855694122334775, 0.25983242717762145, 0.9490018590750748]], "fy": 813.3191871511956, "fx": 816.0542722215046}, {"id": 48, "img_name": "0034", "width": 718, "height": 717, "position": [1.8825127530005534, 1.8981711649460107, -2.1067792840283093], "rotation": [[0.9826024087259043, 0.15998241591340145, -0.09432991553352606], [-0.17754927692344327, 0.9581872302118136, -0.22439582465584196], [0.054486334341862036, 0.23724008611009303, 0.9699218426824209]], "fy": 813.3191871511956, "fx": 816.0542722215046}, {"id": 49, "img_name": "0035", "width": 718, "height": 717, "position": [1.5912813319579415, 2.118038911092058, -2.4034869801585765], "rotation": [[0.9934758452446911, 0.11340244811833197, -0.012067712132619314], [-0.11306690856132855, 0.965631775611272, -0.23403236553563792], [-0.014886876896478812, 0.23386996106937566, 0.9721539087025665]], "fy": 813.3191871511956, "fx": 816.0542722215046}, {"id": 50, "img_name": "0036", "width": 718, "height": 717, "position": [1.3371980196933997, 2.4222201086337214, -2.6284056459062217], "rotation": [[0.9978709289294596, 0.04727250936750982, 0.044932383150193156], [-0.03535196950678364, 0.9709974910280076, -0.2364616473538689], [-0.05480736674433927, 0.23436975546220273, 0.9706013446699621]], "fy": 813.3191871511956, "fx": 816.0542722215046}, {"id": 51, "img_name": "0037", "width": 718, "height": 717, "position": [1.1630503444982263, 2.6665961338600663, -2.8417139559132196], "rotation": [[0.9945332712795459, 0.020345181211996608, 0.10241897245850604], [0.004662456482089609, 0.9712046834276693, -0.2382010167646501], [-0.1043160285745092, 0.23737636042708954, 0.9658005123693146]], "fy": 813.3191871511956, "fx": 816.0542722215046}, {"id": 52, "img_name": "0038", "width": 718, "height": 717, "position": [1.0739081245445274, 2.8423669016788438, -3.0487007650169144], "rotation": [[0.9910918231383685, 0.005200291346416038, 0.13307875517218082], [0.027703331202147727, 0.9693300151180395, -0.2441963292753705], [-0.13026712382089722, 0.2457077100157288, 0.9605509865125625]], "fy": 813.3191871511956, "fx": 816.0542722215046}, {"id": 53, "img_name": "0039", "width": 718, "height": 717, "position": [0.9458713589434088, 3.0398313737656193, -3.1660646947442825], "rotation": [[0.9888538347101807, -0.02902935448460016, 0.1460321545317254], [0.06511690422278098, 0.9663534447961502, -0.24883892082038744], [-0.1338950423406762, 0.2555744828984719, 0.9574726112676889]], "fy": 813.3191871511956, "fx": 816.0542722215046}, {"id": 54, "img_name": "0040", "width": 718, "height": 717, "position": [0.7908317740241357, 3.119953027763785, -3.10960059421634], "rotation": [[0.9864156837520902, -0.0473622279107426, 0.15729246077046252], [0.0860676436134281, 0.9645939073534351, -0.24930093184636293], [-0.13991590177934934, 0.25945214060393457, 0.9555669140176986]], "fy": 813.3191871511956, "fx": 816.0542722215046}, {"id": 55, "img_name": "0042", "width": 718, "height": 717, "position": [0.13988658904752213, 2.902391501070749, -2.8182119998211492], "rotation": [[0.9710077424733996, -0.10129318258993093, 0.21652633839215732], [0.1531324713636151, 0.9591078371928219, -0.23803907840810298], [-0.1835603722778522, 0.2642950014588061, 0.946812411163429]], "fy": 813.3191871511956, "fx": 816.0542722215046}, {"id": 56, "img_name": "0043", "width": 718, "height": 717, "position": [-0.16667413453548185, 2.725284940399679, -2.7564978367592374], "rotation": [[0.9577871315576061, -0.127773501856399, 0.25752231523890456], [0.18887671498229033, 0.9550143637058872, -0.22863322517284781], [-0.216724242206892, 0.26762192985402417, 0.9388339073025943]], "fy": 813.3191871511956, "fx": 816.0542722215046}, {"id": 57, "img_name": "0044", "width": 718, "height": 717, "position": [-0.44201098503960373, 2.629294876139094, -2.7341021647060906], "rotation": [[0.9333640490519369, -0.17932243710529425, 0.3109260611270649], [0.25167857144029426, 0.9445902181390826, -0.21073019829567152], [-0.2559090631750782, 0.27494141802678285, 0.9267781654949989]], "fy": 813.3191871511956, "fx": 816.0542722215046}, {"id": 58, "img_name": "0045", "width": 718, "height": 717, "position": [-0.546424104672757, 2.631074240152019, -2.760142951163294], "rotation": [[0.9067611925891357, -0.21896439937571038, 0.36033141886374964], [0.3009632334074855, 0.9346367116814676, -0.18940789137246808], [-0.29530538727094024, 0.2801942343862337, 0.9133925329591175]], "fy": 813.3191871511956, "fx": 816.0542722215046}, {"id": 59, "img_name": "0046", "width": 718, "height": 717, "position": [-0.7257147492373348, 2.5398173970737394, -2.82713244060993], "rotation": [[0.8681008814670615, -0.266485254119204, 0.4187916772491234], [0.36073379092983876, 0.9182320754826547, -0.16346555489216463], [-0.34098679106014956, 0.29297690163533224, 0.893248310063144]], "fy": 813.3191871511956, "fx": 816.0542722215046}, {"id": 60, "img_name": "0047", "width": 718, "height": 717, "position": [-1.0858500454059217, 2.4457994818766253, -2.7941088466853357], "rotation": [[0.8102742338279494, -0.32413059689881435, 0.48825712708423186], [0.43347900823192487, 0.8921541150700116, -0.127110126999824], [-0.39440032380412204, 0.3146432759771975, 0.8633933017261257]], "fy": 813.3191871511956, "fx": 816.0542722215046}, {"id": 61, "img_name": "0048", "width": 718, "height": 717, "position": [-1.3947744791258756, 2.3622397965646895, -2.75645109824412], "rotation": [[0.7498879481726329, -0.386549625113438, 0.5368868153625111], [0.5090550566218102, 0.8554648495135716, -0.09509385140211615], [-0.42252930609983036, 0.3446146813056326, 0.838277822034803]], "fy": 813.3191871511956, "fx": 816.0542722215046}, {"id": 62, "img_name": "0050", "width": 718, "height": 717, "position": [-1.7840557519034201, 2.1507953500872503, -2.6624300379726997], "rotation": [[0.6124772832703838, -0.49394044735140624, 0.6171664378010381], [0.6492373539741982, 0.7597204269235717, -0.03627300814169662], [-0.45095724374081375, 0.4229038985222986, 0.7859960921864241]], "fy": 813.3191871511956, "fx": 816.0542722215046}, {"id": 63, "img_name": "0051", "width": 718, "height": 717, "position": [-1.845027588020945, 2.0726784499533, -2.5258149176923226], "rotation": [[0.5694310767205941, -0.5119868190698488, 0.6431312043149228], [0.6737538361625068, 0.7389091328340632, -0.008310335174869484], [-0.4709607384072803, 0.43804427916952715, 0.7657109065213309]], "fy": 813.3191871511956, "fx": 816.0542722215046}, {"id": 64, "img_name": "0052", "width": 718, "height": 717, "position": [-1.8818745396440297, 1.9764459166617443, -2.3206364551056833], "rotation": [[0.5369658981118612, -0.5182390015373762, 0.6656545361901062], [0.6834785813821539, 0.7297768334606931, 0.0168167219136798], [-0.49449434077323917, 0.44593061190013317, 0.7460705303881211]], "fy": 813.3191871511956, "fx": 816.0542722215046}, {"id": 65, "img_name": "0053", "width": 718, "height": 717, "position": [-1.8880528536996377, 1.84412217149418, -2.1501329612226723], "rotation": [[0.504176941121222, -0.527672695819507, 0.6836425514318296], [0.6974413686860762, 0.7156330590867512, 0.038011340247760206], [-0.5092947567832801, 0.45763615550862274, 0.7288264538862096]], "fy": 813.3191871511956, "fx": 816.0542722215046}, {"id": 66, "img_name": "0054", "width": 718, "height": 717, "position": [-1.8537396971095557, 1.6900090312834029, -1.993016994112687], "rotation": [[0.45844263749284936, -0.5474058032476792, 0.7001265847683281], [0.7242258114227602, 0.6867072378033822, 0.06269085752718563], [-0.5150993323599288, 0.4783095818810368, 0.7112612893185902]], "fy": 813.3191871511956, "fx": 816.0542722215046}, {"id": 67, "img_name": "0055", "width": 718, "height": 717, "position": [-1.880093487313947, 1.5566197374481172, -1.848061052074272], "rotation": [[0.4190320883754393, -0.564081972585897, 0.7114939473497446], [0.7469760968930846, 0.6596439705054754, 0.08304542640112361], [-0.5161771203589821, 0.4966702732994744, 0.6977677407551414]], "fy": 813.3191871511956, "fx": 816.0542722215046}, {"id": 68, "img_name": "0056", "width": 718, "height": 717, "position": [-1.9427118273015418, 1.4063576710044448, -1.7767928542074958], "rotation": [[0.3846322196640059, -0.5761404874332176, 0.7211935900550934], [0.7624492746423629, 0.6386997734657918, 0.10360358571053845], [-0.5203164029642678, 0.5100242524772333, 0.6849424083025994]], "fy": 813.3191871511956, "fx": 816.0542722215046}, {"id": 69, "img_name": "0058", "width": 718, "height": 717, "position": [-2.130947180857432, 1.1777981613199928, -1.6111440835071045], "rotation": [[0.3226609606674129, -0.5901413832230175, 0.7400155756933807], [0.7771948027253146, 0.6114314404827009, 0.1487273754424804], [-0.5402389684925933, 0.5271477415268635, 0.6559398718824658]], "fy": 813.3191871511956, "fx": 816.0542722215046}, {"id": 70, "img_name": "0059", "width": 718, "height": 717, "position": [-2.312858859815995, 0.946648594277799, -1.4749793509354787], "rotation": [[0.26193628980526673, -0.6068450613537514, 0.7504188507717624], [0.799171734462682, 0.5722972348854419, 0.18384888843391406], [-0.5410304232840882, 0.55155683882356, 0.6348788346038964]], "fy": 813.3191871511956, "fx": 816.0542722215046}, {"id": 71, "img_name": "0060", "width": 718, "height": 717, "position": [-2.4287407534870473, 0.7465689704945703, -1.3906144742344262], "rotation": [[0.20244134875129619, -0.622255727473301, 0.7561847062341506], [0.8253134211992521, 0.524056367357507, 0.21029189385337563], [-0.527138745591843, 0.5815176123375168, 0.6196466811313782]], "fy": 813.3191871511956, "fx": 816.0542722215046}, {"id": 72, "img_name": "0061", "width": 718, "height": 717, "position": [-2.48183068778003, 0.6261134058882539, -1.3373494185295187], "rotation": [[0.13575311067430945, -0.6370766824129539, 0.7587518656767528], [0.851409726888297, 0.46663936314267496, 0.23947689184093374], [-0.5066286311513041, 0.6134989857298079, 0.6057610292898122]], "fy": 813.3191871511956, "fx": 816.0542722215046}, {"id": 73, "img_name": "0062", "width": 718, "height": 717, "position": [-2.4191777892045803, 0.5429135100724737, -1.2665533509400673], "rotation": [[0.09066963769594946, -0.6464165032682295, 0.7575781947116483], [0.8667016257251905, 0.4259043159074808, 0.2596801988151821], [-0.4905173888511975, 0.6330491434271559, 0.5988668242946401]], "fy": 813.3191871511956, "fx": 816.0542722215046}, {"id": 74, "img_name": "0063", "width": 718, "height": 717, "position": [-2.3321531553373234, 0.5059304817740942, -1.2000199839091497], "rotation": [[0.05771811437541318, -0.6499434062854863, 0.7577876931561803], [0.8705248577871655, 0.4043555930146349, 0.2805049489267841], [-0.48872803403077003, 0.6434828070926228, 0.589130533692336]], "fy": 813.3191871511956, "fx": 816.0542722215046}, {"id": 75, "img_name": "0064", "width": 718, "height": 717, "position": [-2.2298769337978133, 0.4622650766359732, -1.094539707007278], "rotation": [[0.044112765047481906, -0.65214541184486, 0.7568093721470177], [0.8642529137727086, 0.4049027826132339, 0.29853079852411085], [-0.5011197112419831, 0.6409056860738229, 0.5814799537069127]], "fy": 813.3191871511956, "fx": 816.0542722215046}, {"id": 76, "img_name": "0066", "width": 718, "height": 717, "position": [-2.3335137284720027, 0.11862990778833006, -0.6230305547199237], "rotation": [[0.057842492267786226, -0.6474012505895258, 0.7599512266082401], [0.8372952001717128, 0.44601913186544734, 0.3162335873676353], [-0.5436828062921083, 0.6180117755715586, 0.5678648178899863]], "fy": 813.3191871511956, "fx": 816.0542722215046}, {"id": 77, "img_name": "0067", "width": 718, "height": 717, "position": [-2.384062629685022, -0.16783394235817214, -0.44459337972937724], "rotation": [[0.012253583839598983, -0.6420793330452816, 0.7665402662347308], [0.8107868520380047, 0.4550369196387477, 0.36819299603330696], [-0.5852132348515272, 0.6169890856747843, 0.5261653142433518]], "fy": 813.3191871511956, "fx": 816.0542722215046}, {"id": 78, "img_name": "0068", "width": 718, "height": 717, "position": [-2.3466329338115126, -0.3738351651830338, -0.3813831910414901], "rotation": [[-0.032570607435148724, -0.6365580042697896, 0.7705407599415932], [0.7829593551809028, 0.4629329705216027, 0.4155330467468861], [-0.621219609853078, 0.6168362602863968, 0.48332103650667047]], "fy": 813.3191871511956, "fx": 816.0542722215046}, {"id": 79, "img_name": "0069", "width": 718, "height": 717, "position": [-2.0673100670724684, -0.4139893941069754, -0.19655301138938572], "rotation": [[-0.09309314347106808, -0.6243106329905804, 0.7756093734436011], [0.7503800163395304, 0.4680177098708344, 0.46678609054420755], [-0.6544184423722794, 0.6254563588150335, 0.4249009831724083]], "fy": 813.3191871511956, "fx": 816.0542722215046}, {"id": 80, "img_name": "0070", "width": 718, "height": 717, "position": [-1.8367719666744657, -0.34586035344292143, 0.018786309772398792], "rotation": [[-0.1501487676429408, -0.6216823213799519, 0.7687434154898108], [0.7321054337957545, 0.4526483713385347, 0.5090491977513588], [-0.6644373419533521, 0.6392343413867922, 0.3871724104449564]], "fy": 813.3191871511956, "fx": 816.0542722215046}, {"id": 81, "img_name": "0071", "width": 718, "height": 717, "position": [-1.7707474223559, -0.4018077585731877, 0.07432765129710062], "rotation": [[-0.2337327027071881, -0.6107553870109739, 0.7565361068199379], [0.7100072384106432, 0.4243745540766961, 0.5619572574998006], [-0.6642730952625471, 0.6684939005625112, 0.3344505341915814]], "fy": 813.3191871511956, "fx": 816.0542722215046}, {"id": 82, "img_name": "0072", "width": 718, "height": 717, "position": [-1.7189132921569734, -0.5042981883216252, 0.23899804185314985], "rotation": [[-0.34446267924790325, -0.5950877049747536, 0.7260964715471602], [0.6689609584580796, 0.3870507734606826, 0.6345730334818322], [-0.6586628110529719, 0.7043169188308398, 0.2647658950552903]], "fy": 813.3191871511956, "fx": 816.0542722215046}, {"id": 83, "img_name": "0074", "width": 718, "height": 717, "position": [-1.9324410371742151, -0.8561449060448494, 0.5449838433577792], "rotation": [[-0.5500767473518322, -0.5204961754903866, 0.6530691413033608], [0.5911944507578699, 0.3096233159253881, 0.744729832642998], [-0.5898344627231684, 0.795749416295889, 0.13739786406208482]], "fy": 813.3191871511956, "fx": 816.0542722215046}, {"id": 84, "img_name": "0075", "width": 718, "height": 717, "position": [-2.216875299643932, -0.8621812243331411, 0.7900808606493741], "rotation": [[-0.6138468841870997, -0.474468583118816, 0.6309291294646427], [0.5682825061676816, 0.28916202751009773, 0.7703507740179326], [-0.5479479865439487, 0.8314234092683899, 0.0921309859002922]], "fy": 813.3191871511956, "fx": 816.0542722215046}, {"id": 85, "img_name": "0076", "width": 718, "height": 717, "position": [-2.4742140746002987, -0.8484936470513444, 1.0637056847341122], "rotation": [[-0.6299652763493832, -0.4394672524684121, 0.6403220163338987], [0.575744452793757, 0.28906750272515613, 0.7648256689896458], [-0.5212121215697715, 0.8504754628301199, 0.07091834355532299]], "fy": 813.3191871511956, "fx": 816.0542722215046}, {"id": 86, "img_name": "0077", "width": 718, "height": 717, "position": [-2.6049132855594044, -0.8267640034937564, 1.4046090527140929], "rotation": [[-0.6171040589595671, -0.4097668755706318, 0.6717690734923044], [0.6042893279704106, 0.30001870076592163, 0.7381213906206741], [-0.5040009806703715, 0.8614405881288684, 0.06247499185668614]], "fy": 813.3191871511956, "fx": 816.0542722215046}, {"id": 87, "img_name": "0078", "width": 718, "height": 717, "position": [-2.626451164347351, -0.8305131737798355, 1.7415349392893629], "rotation": [[-0.6188899666205222, -0.37764468158318854, 0.6887377611895402], [0.6110502161574036, 0.31948191693779354, 0.7242575081307356], [-0.49355125625454366, 0.8690890628823289, 0.03303571140261013]], "fy": 813.3191871511956, "fx": 816.0542722215046}, {"id": 88, "img_name": "0079", "width": 718, "height": 717, "position": [-2.555282036450413, -0.8221390842155641, 2.2274900339193073], "rotation": [[-0.6240892330505717, -0.33788452710503736, 0.7045187545646698], [0.6098915016627546, 0.3529601019666487, 0.7095431788265201], [-0.4884106728869658, 0.872498259461128, -0.014205697709116064]], "fy": 813.3191871511956, "fx": 816.0542722215046}, {"id": 89, "img_name": "0080", "width": 718, "height": 717, "position": [-2.442095034829463, -0.6981085472544328, 2.5571420783426504], "rotation": [[-0.642780455994006, -0.32003012416141186, 0.69599856682422], [0.5907440649394232, 0.37134826774006424, 0.7163252848987671], [-0.4877035320058524, 0.8715969158250187, -0.04963951242036177]], "fy": 813.3191871511956, "fx": 816.0542722215046}, {"id": 90, "img_name": "0082", "width": 718, "height": 717, "position": [-2.122833129942072, -0.4369498751666196, 2.825041651001091], "rotation": [[-0.6949054758582461, -0.2953344781736432, 0.6556553405747], [0.5237511205060251, 0.41689171820069804, 0.7428903412108361], [-0.49273841274139263, 0.8596387853613701, -0.13501857395010997]], "fy": 813.3191871511956, "fx": 816.0542722215046}, {"id": 91, "img_name": "0083", "width": 718, "height": 717, "position": [-2.0468405751927046, -0.45072089138235216, 2.9271482962803144], "rotation": [[-0.7238822297747827, -0.27876236212763505, 0.6310990911713541], [0.487323088070416, 0.4409208863395407, 0.7537273909199976], [-0.48837559854051005, 0.8531590223695549, -0.18332745920789736]], "fy": 813.3191871511956, "fx": 816.0542722215046}, {"id": 92, "img_name": "0084", "width": 718, "height": 717, "position": [-1.9202197250364132, -0.4610556244247345, 3.2359517666885025], "rotation": [[-0.764905339169619, -0.256521822193631, 0.5908607084992783], [0.4362908780491084, 0.46851264326774705, 0.7682097193015766], [-0.4738882693641488, 0.8453948532116385, -0.24644969126035426]], "fy": 813.3191871511956, "fx": 816.0542722215046}, {"id": 93, "img_name": "0085", "width": 718, "height": 717, "position": [-1.870246395843654, -0.771898942209775, 3.454062362347429], "rotation": [[-0.7889918110850591, -0.2513471205238733, 0.5606394091080963], [0.40884968237174285, 0.46634661617003526, 0.784450617190963], [-0.45862169515325246, 0.8481423575032173, -0.2651804708941472]], "fy": 813.3191871511956, "fx": 816.0542722215046}, {"id": 94, "img_name": "0086", "width": 718, "height": 717, "position": [-1.7426848932585064, -1.2093697639348053, 3.5201799811015833], "rotation": [[-0.8046152842955313, -0.2492112154885463, 0.5389694002007374], [0.3886241233282553, 0.465263959092004, 0.7952991507208964], [-0.448960504995001, 0.8493663629110558, -0.27750900257447214]], "fy": 813.3191871511956, "fx": 816.0542722215046}, {"id": 95, "img_name": "0087", "width": 718, "height": 717, "position": [-1.5349741591822392, -1.4885915927746154, 3.6628327746589675], "rotation": [[-0.8140374760780146, -0.2490136787644739, 0.5247239039044427], [0.3742099659393137, 0.4660697522462656, 0.8017143427885036], [-0.44419577770644453, 0.8489824343467229, -0.2862148445459784]], "fy": 813.3191871511956, "fx": 816.0542722215046}, {"id": 96, "img_name": "0088", "width": 718, "height": 717, "position": [-1.377119495872088, -1.5927880664701084, 3.84916357525715], "rotation": [[-0.8157109165278414, -0.2468980953829082, 0.5231223864007363], [0.3732910037209538, 0.4661595897912882, 0.8020904334217063], [-0.44189311739187753, 0.8495508032730652, -0.2880866283946166]], "fy": 813.3191871511956, "fx": 816.0542722215046}, {"id": 97, "img_name": "0090", "width": 718, "height": 717, "position": [-1.0945346546938088, -1.5850873197314843, 4.221420438133846], "rotation": [[-0.8266200610109006, -0.24697629533017984, 0.5056698372251557], [0.356005912570672, 0.46641104600507, 0.8097657231441571], [-0.43584293610090646, 0.8493900433307637, -0.29761970590252473]], "fy": 813.3191871511956, "fx": 816.0542722215046}, {"id": 98, "img_name": "0091", "width": 718, "height": 717, "position": [-0.9695946836629474, -1.5654863098453642, 4.436063370510828], "rotation": [[-0.8344222276173386, -0.24713783740710904, 0.49260779062034227], [0.34152527757523193, 0.4696437466290517, 0.8141223716551388], [-0.4325506107211946, 0.8475598153369264, -0.3074773627289604]], "fy": 813.3191871511956, "fx": 816.0542722215046}, {"id": 99, "img_name": "0092", "width": 718, "height": 717, "position": [-0.8139441493308245, -1.5164658727587537, 4.559005881668254], "rotation": [[-0.8580515769774968, -0.24483754545286612, 0.4514444235817367], [0.3000682793510512, 0.47437116518027905, 0.8276055977171759], [-0.41678114037673336, 0.8455924396434255, -0.33356694537101456]], "fy": 813.3191871511956, "fx": 816.0542722215046}, {"id": 100, "img_name": "0093", "width": 718, "height": 717, "position": [-0.664362047747875, -1.4025333825057622, 4.668052997706332], "rotation": [[-0.8651950741349392, -0.24213047532328166, 0.4391017155652638], [0.28551297384986635, 0.48199431763008144, 0.8283500585716872], [-0.4122133251801082, 0.8420536269692293, -0.34788771730534573]], "fy": 813.3191871511956, "fx": 816.0542722215046}, {"id": 101, "img_name": "0094", "width": 718, "height": 717, "position": [-0.5315823657344549, -1.277897291905985, 4.857674434044436], "rotation": [[-0.8733953242384697, -0.2261460741092831, 0.43132187605468947], [0.2733512654750366, 0.5053485979689447, 0.8184753387818217], [-0.4030628899583469, 0.8327549145431568, -0.3795517870365589]], "fy": 813.3191871511956, "fx": 816.0542722215046}, {"id": 102, "img_name": "0095", "width": 718, "height": 717, "position": [-0.3935207541349223, -1.22