[{"id": 0, "img_name": "0001", "width": 719, "height": 720, "position": [-1.6298896133188163, 1.5465566752182267, -2.6954130098518156], "rotation": [[0.9739628123182177, -0.1180307110922655, 0.19355927118131636], [0.09909376928879249, 0.9895450939027902, 0.1047899423659425], [-0.2039040585896411, -0.08288098920724911, 0.9754762306272254]], "fy": 819.9293444550497, "fx": 825.7407096415285}, {"id": 1, "img_name": "0009", "width": 719, "height": 720, "position": [-1.5080852934037943, 2.514531897409635, -1.8984140540932588], "rotation": [[0.971522363979899, -0.09221728842137794, 0.21826650682850282], [0.10042282560183688, 0.9945843832063497, -0.02677985773278602], [-0.2146148932042032, 0.04793617004156253, 0.975521691822737]], "fy": 819.9293444550497, "fx": 825.7407096415285}, {"id": 2, "img_name": "0017", "width": 719, "height": 720, "position": [-1.3363415193590296, 2.968198219277642, -1.4493844277724244], "rotation": [[0.9682352665118217, -0.0823957821219057, 0.23607499607391946], [0.11359850243352997, 0.9860373248575247, -0.12176113596987972], [-0.2227461535641883, 0.14471119195257737, 0.964076149479917]], "fy": 819.9293444550497, "fx": 825.7407096415285}, {"id": 3, "img_name": "0025", "width": 719, "height": 720, "position": [-1.0675406318600495, 2.451423097094162, -1.0928969075062944], "rotation": [[0.9663506583354011, -0.08634364677221264, 0.24230389967314228], [0.12596444288700667, 0.980150066387973, -0.15309737583583305], [-0.22427519760977327, 0.17846742566005608, 0.958044891283999]], "fy": 819.9293444550497, "fx": 825.7407096415285}, {"id": 4, "img_name": "0033", "width": 719, "height": 720, "position": [-0.9600934205857509, 1.8979152705655131, -1.9859594081815264], "rotation": [[0.9667992476672433, -0.11085484592662467, 0.23023991366536903], [0.13520048852731065, 0.98646659913302, -0.09276031854683482], [-0.21684105379754268, 0.12080915499049744, 0.9687027952155671]], "fy": 819.9293444550497, "fx": 825.7407096415285}, {"id": 5, "img_name": "0041", "width": 719, "height": 720, "position": [-1.4499473838740071, 1.6481714183133305, -2.771332912557131], "rotation": [[0.9706368876735499, -0.10606019332907948, 0.21590569163040285], [0.12469213581870937, 0.9893907934624006, -0.07455017824800862], [-0.20570829723755155, 0.09928289481496604, 0.9735640724907567]], "fy": 819.9293444550497, "fx": 825.7407096415285}, {"id": 6, "img_name": "0049", "width": 719, "height": 720, "position": [-0.9735541812600257, 1.7239647750500513, -3.2259118259308526], "rotation": [[0.9950250084416553, -0.06966720105655362, 0.07121596501227548], [0.06985596077800757, 0.9975570755779151, -0.0001603378281918629], [-0.07103081950439107, 0.005134399807515604, 0.997460906812468]], "fy": 819.9293444550497, "fx": 825.7407096415285}, {"id": 7, "img_name": "0057", "width": 719, "height": 720, "position": [0.4624606434593354, 1.4081056732614523, -2.91485965186294], "rotation": [[0.991148565873864, 0.03642730268982545, -0.12766194415301124], [-0.03070600353816195, 0.9984461624109634, 0.04650163560063374], [0.12915750738109305, -0.04217004132750614, 0.9907270188611689]], "fy": 819.9293444550497, "fx": 825.7407096415285}, {"id": 8, "img_name": "0065", "width": 719, "height": 720, "position": [1.120115579602169, 0.8665435158082484, -2.310423521152918], "rotation": [[0.9049430997829654, 0.29771538340303766, -0.30404528715370677], [-0.2631499111955923, 0.9530284525408529, 0.14996297171415152], [0.334410093138574, -0.05569846616173317, 0.9407802987277532]], "fy": 819.9293444550497, "fx": 825.7407096415285}, {"id": 9, "img_name": "0073", "width": 719, "height": 720, "position": [1.3890049745505855, 0.26541662410351385, -1.8531325874027558], "rotation": [[0.7761260552311382, 0.4284771967568349, -0.46263985804376667], [-0.29865088113246735, 0.8959457002066948, 0.32876884505673], [0.5553701446694383, -0.1169982655450067, 0.8233318943593206]], "fy": 819.9293444550497, "fx": 825.7407096415285}, {"id": 10, "img_name": "0081", "width": 719, "height": 720, "position": [2.330049494072143, -0.16309553170926178, -1.5157580804963495], "rotation": [[0.5364421424737301, 0.5834244343091465, -0.6097915686767459], [-0.3799670100124228, 0.8121465848815758, 0.4427674287562406], [0.7535614766430231, -0.005818429018694351, 0.6573516918692314]], "fy": 819.9293444550497, "fx": 825.7407096415285}, {"id": 11, "img_name": "0089", "width": 719, "height": 720, "position": [3.179477802903617, -0.15923044560788333, -0.732148728236804], "rotation": [[0.25725089418761815, 0.6832002741712899, -0.683417414770757], [-0.5336728604981015, 0.6900311805692163, 0.4889276508953318], [0.8056148306774428, 0.23894425126905183, 0.5421165828288482]], "fy": 819.9293444550497, "fx": 825.7407096415285}, {"id": 12, "img_name": "0097", "width": 719, "height": 720, "position": [3.109798808103786, -0.6598663344019958, 0.6249216176755297], "rotation": [[-0.034695838829955854, 0.6546152488188015, -0.7551655942783568], [-0.4872919023405931, 0.6486326795376598, 0.5846556669947546], [0.8725495978345135, 0.3882711978111356, 0.2964838549889936]], "fy": 819.9293444550497, "fx": 825.7407096415285}, {"id": 13, "img_name": "0105", "width": 719, "height": 720, "position": [3.0291859551647633, -1.2602103633123003, 1.5672738317476496], "rotation": [[-0.25210672392438893, 0.6101243625220202, -0.7511261292281142], [-0.44690264864517204, 0.6150605573661454, 0.6495987480024699], [0.8583240777154284, 0.49944846884292765, 0.11760529148135063]], "fy": 819.9293444550497, "fx": 825.7407096415285}, {"id": 14, "img_name": "0113", "width": 719, "height": 720, "position": [3.0198081989574015, -1.9265171889646397, 2.7390632399216224], "rotation": [[-0.48224867431284585, 0.5387728613731677, -0.6907677033354059], [-0.38951002050903, 0.5744140376054874, 0.7199517048558302], [0.7846771055960259, 0.6162566975291474, -0.06715297985876405]], "fy": 819.9293444550497, "fx": 825.7407096415285}, {"id": 15, "img_name": "0121", "width": 719, "height": 720, "position": [1.883403437391088, -2.186629617676952, 3.156522103634627], "rotation": [[-0.7686660825456363, 0.3929853214298901, -0.5046929667476957], [-0.2739943866183758, 0.5106748532238076, 0.8149467899111345], [0.5779961328984516, 0.7647049963387765, -0.2848626667869039]], "fy": 819.9293444550497, "fx": 825.7407096415285}, {"id": 16, "img_name": "0129", "width": 719, "height": 720, "position": [0.7117412981867217, -2.2305147295327896, 3.4813352026082973], "rotation": [[-0.9294621269313446, 0.22363273607211717, -0.2934085103693482], [-0.15709763129476872, 0.4796826210172522, 0.8632641063635115], [0.3337970773416597, 0.8484650743848672, -0.41071465606579943]], "fy": 819.9293444550497, "fx": 825.7407096415285}, {"id": 17, "img_name": "0137", "width": 719, "height": 720, "position": [-0.6361160662013298, -2.2062046106426263, 3.6324827631750405], "rotation": [[-0.998991541963278, 0.033108158775972514, 0.030327362369601076], [0.042464605918318195, 0.4773309538045046, 0.8776969396006138], [0.014582740827225764, 0.8780996585596346, -0.4782555104830669]], "fy": 819.9293444550497, "fx": 825.7407096415285}, {"id": 18, "img_name": "0145", "width": 719, "height": 720, "position": [-1.8798086640906566, -1.7754518180758672, 3.171751866731093], "rotation": [[-0.9471910857709569, -0.08761133496740106, 0.30846928699834303], [0.23383325981748382, 0.4695551925804844, 0.8513753154301771], [-0.21943348340480165, 0.8785454883532975, -0.42427204863731094]], "fy": 819.9293444550497, "fx": 825.7407096415285}, {"id": 19, "img_name": "0153", "width": 719, "height": 720, "position": [-2.9940006646294677, -1.4966602960200166, 2.868766111564292], "rotation": [[-0.8436718294926192, -0.14136079860896267, 0.5179140553578487], [0.4057075050428294, 0.4639220602786742, 0.7875136458111138], [-0.3515953134962114, 0.8745246975377118, -0.33404683642278993]], "fy": 819.9293444550497, "fx": 825.7407096415285}, {"id": 20, "img_name": "0161", "width": 719, "height": 720, "position": [-3.893315104160601, -1.0311983862637693, 2.324535284967013], "rotation": [[-0.6642173536593909, -0.317395115909528, 0.6768128600244622], [0.47829688515160407, 0.5153636061643795, 0.7110783663531886], [-0.5744975167500623, 0.7960280735238069, -0.19050435535700488]], "fy": 819.9293444550497, "fx": 825.7407096415285}, {"id": 21, "img_name": "0169", "width": 719, "height": 720, "position": [-3.8963580017844643, -0.06985430263344787, 1.2319996046466657], "rotation": [[-0.43007069264600795, -0.45488172206929683, 0.779821657979729], [0.5539410510099906, 0.5491096935904962, 0.6258017708595096], [-0.7128734188710709, 0.7011142298742924, 0.01582167294719905]], "fy": 819.9293444550497, "fx": 825.7407096415285}, {"id": 22, "img_name": "0002", "width": 719, "height": 720, "position": [-1.6174962979619716, 1.6932908062593612, -2.577487159793014], "rotation": [[0.9736519061556254, -0.11363832052187035, 0.19770760670365156], [0.09861251544277636, 0.9915500887830172, 0.08428518987603274], [-0.20561502240246282, -0.06256799136426991, 0.9766307946297185]], "fy": 819.9293444550497, "fx": 825.7407096415285}, {"id": 23, "img_name": "0003", "width": 719, "height": 720, "position": [-1.6089679770768281, 1.7622097518160167, -2.5197388299093624], "rotation": [[0.9734926065730947, -0.11124128209360343, 0.19984374422456488], [0.09812023622151447, 0.9923870528741807, 0.07443357126681646], [-0.20660243026488376, -0.052851815918371146, 0.9769964797084861]], "fy": 819.9293444550497, "fx": 825.7407096415285}, {"id": 24, "img_name": "0004", "width": 719, "height": 720, "position": [-1.5856647148427716, 1.9524104475933546, -2.3713182283636702], "rotation": [[0.9731863909481009, -0.10361484545453119, 0.2053587404393677], [0.09617596313907019, 0.9943050990363401, 0.045908105434727835], [-0.20894600400027327, -0.024926568792505172, 0.9776094483895653]], "fy": 819.9293444550497, "fx": 825.7407096415285}, {"id": 25, "img_name": "0005", "width": 719, "height": 720, "position": [-1.5802358225635713, 2.0766023653542662, -2.275906426933687], "rotation": [[0.9729313656641984, -0.09924175052549222, 0.20869986262437748], [0.09525420949094812, 0.995027646654817, 0.029096700273936172], [-0.2105497406340189, -0.00842955189868802, 0.9775468016283081]], "fy": 819.9293444550497, "fx": 825.7407096415285}, {"id": 26, "img_name": "0006", "width": 719, "height": 720, "position": [-1.5758223152388728, 2.139417358172469, -2.22375410836746], "rotation": [[0.9727754041244341, -0.0971683122722741, 0.21039565637318103], [0.09482305848429405, 0.9952677153244798, 0.021231166064877276], [-0.21146300080682667, -0.0007027965196783871, 0.9773857505441871]], "fy": 819.9293444550497, "fx": 825.7407096415285}, {"id": 27, "img_name": "0007", "width": 719, "height": 720, "position": [-1.5525422015335317, 2.3184067786179337, -2.0553695513943198], "rotation": [[0.9723655472161772, -0.09344142222184466, 0.2139484592142305], [0.09552442545903994, 0.9954269024289826, 0.0006050300494552], [-0.21302658690338308, 0.019848993269165473, 0.9768447628658792]], "fy": 819.9293444550497, "fx": 825.7407096415285}, {"id": 28, "img_name": "0008", "width": 719, "height": 720, "position": [-1.5418292020461914, 2.3728233989135927, -2.0059496179495095], "rotation": [[0.9721795292109248, -0.09309251147073497, 0.2149435909518955], [0.09668816485955387, 0.9952950902339116, -0.006251570391617143], [-0.2133503263632761, 0.02686015011761269, 0.9766064563458214]], "fy": 819.9293444550497, "fx": 825.7407096415285}, {"id": 29, "img_name": "0010", "width": 719, "height": 720, "position": [-1.4867018071575613, 2.5960464740763975, -1.858256637902696], "rotation": [[0.9709982837136322, -0.09149464745886277, 0.22088699036285298], [0.10291103039340858, 0.993856854528604, -0.04071698085413714], [-0.21580466363947656, 0.0622678263061081, 0.9744491084497766]], "fy": 819.9293444550497, "fx": 825.7407096415285}, {"id": 30, "img_name": "0011", "width": 719, "height": 720, "position": [-1.4752534859331314, 2.635659120159292, -1.8427650639150421], "rotation": [[0.970961051806276, -0.09123356082664065, 0.22115847995078558], [0.10421416618633784, 0.9934089569826725, -0.0477289404102491], [-0.2153463337076736, 0.06939078876544358, 0.9740692352154302]], "fy": 819.9293444550497, "fx": 825.7407096415285}, {"id": 31, "img_name": "0012", "width": 719, "height": 720, "position": [-1.4473823690354666, 2.7473106365272937, -1.813350980462199], "rotation": [[0.9704762548946756, -0.08875873950780098, 0.22427154265887422], [0.10613664500007383, 0.9921163905692201, -0.06663392643414755], [-0.21658913009136266, 0.08847007248154266, 0.9722459539650332]], "fy": 819.9293444550497, "fx": 825.7407096415285}, {"id": 32, "img_name": "0013", "width": 719, "height": 720, "position": [-1.4396483355611869, 2.784464778175815, -1.8042968959203947], "rotation": [[0.970271750738277, -0.08791695245160028, 0.22548467617756596], [0.1067482471737651, 0.9916242018594373, -0.07270662976622384], [-0.21720391673403927, 0.09461528290005293, 0.9715299309836705]], "fy": 819.9293444550497, "fx": 825.7407096415285}, {"id": 33, "img_name": "0014", "width": 719, "height": 720, "position": [-1.424870392624385, 2.9018686739396933, -1.7508274344968073], "rotation": [[0.969732570623604, -0.08336056858237671, 0.22949892609195335], [0.10655183445713189, 0.9901737638763729, -0.09056833831266244], [-0.21969398727675032, 0.11228059911008574, 0.9690859709117262]], "fy": 819.9293444550497, "fx": 825.7407096415285}, {"id": 34, "img_name": "0015", "width": 719, "height": 720, "position": [-1.4057884081231558, 2.968103457822932, -1.6517615872070113], "rotation": [[0.9692353726537678, -0.08269086704651746, 0.2318297066896456], [0.10854217818993145, 0.9889426115785608, -0.10105002007897393], [-0.22091036179975151, 0.12310455520114207, 0.9674936074921796]], "fy": 819.9293444550497, "fx": 825.7407096415285}, {"id": 35, "img_name": "0016", "width": 719, "height": 720, "position": [-1.3911457228315953, 2.984863350661641, -1.5959524540113905], "rotation": [[0.9689925845764155, -0.08270958466266617, 0.2328357696764988], [0.10976142514089722, 0.988320068775098, -0.10571599314874155], [-0.2213725380144465, 0.12799439933573198, 0.966753139716509]], "fy": 819.9293444550497, "fx": 825.7407096415285}, {"id": 36, "img_name": "0018", "width": 719, "height": 720, "position": [-1.317480375018695, 2.947643545317664, -1.4042661173702968], "rotation": [[0.9680147080367786, -0.08212348316169223, 0.23707226437915874], [0.11482258569923363, 0.9851596961758213, -0.12757800297898378], [-0.22307688996803912, 0.15071863369920357, 0.963078706346492]], "fy": 819.9293444550497, "fx": 825.7407096415285}, {"id": 37, "img_name": "0019", "width": 719, "height": 720, "position": [-1.277661597392697, 2.8940045698229695, -1.3204619616218678], "rotation": [[0.9676529097446899, -0.08121440694505949, 0.23885574384384692], [0.11675809874100879, 0.9834378165611001, -0.13862758504684797], [-0.22364121409306464, 0.1620317285660389, 0.9611089044935966]], "fy": 819.9293444550497, "fx": 825.7407096415285}, {"id": 38, "img_name": "0020", "width": 719, "height": 720, "position": [-1.2240584224868325, 2.796694696218519, -1.2179113307857363], "rotation": [[0.9671719765453397, -0.07907538212820658, 0.24150662874268866], [0.11802648179936064, 0.9814122662877516, -0.15132651180148365], [-0.22505136609104587, 0.17486293924447652, 0.9585274305408981]], "fy": 819.9293444550497, "fx": 825.7407096415285}, {"id": 39, "img_name": "0021", "width": 719, "height": 720, "position": [-1.2086186968941197, 2.7602539077890453, -1.1902948204665131], "rotation": [[0.9670569209496382, -0.07869571257064002, 0.24209067818981464], [0.11830580895647363, 0.981011169023036, -0.15369066926528413], [-0.22539886248727953, 0.17726835892244225, 0.9580038004696977]], "fy": 819.9293444550497, "fx": 825.7407096415285}, {"id": 40, "img_name": "0022", "width": 719, "height": 720, "position": [-1.1657949603377984, 2.657861786084543, -1.1055774024543772], "rotation": [[0.9667397556160483, -0.0793226147714718, 0.24315050420930656], [0.11980584003052953, 0.9803838552793789, -0.1565057730632352], [-0.22596638158363844, 0.18043120321429548, 0.9572793611588203]], "fy": 819.9293444550497, "fx": 825.7407096415285}, {"id": 41, "img_name": "0023", "width": 719, "height": 720, "position": [-1.1534691551454461, 2.6268670369210447, -1.0781847786754628], "rotation": [[0.9665684683423842, -0.08000078730793829, 0.24360884638363892], [0.12053691039074158, 0.9803241846898598, -0.15631809282874354], [-0.2263100732175033, 0.18045599724661784, 0.9571934934056002]], "fy": 819.9293444550497, "fx": 825.7407096415285}, {"id": 42, "img_name": "0024", "width": 719, "height": 720, "position": [-1.1224855657871062, 2.568375565174297, -1.0370884424731597], "rotation": [[0.9663805167013136, -0.08246646525300749, 0.24353229569972118], [0.12288551494508361, 0.9801252488626938, -0.15573582361975677], [-0.2258491690416052, 0.18042665726138385, 0.9573078784762504]], "fy": 819.9293444550497, "fx": 825.7407096415285}, {"id": 43, "img_name": "0026", "width": 719, "height": 720, "position": [-1.0551815638858104, 2.409869067863136, -1.137544228015165], "rotation": [[0.966324482529101, -0.08774511175837657, 0.24190450559544213], [0.12677580557890875, 0.9804002860265133, -0.1508084025475691], [-0.2239305463412351, 0.17639749012284986, 0.9585087562947326]], "fy": 819.9293444550497, "fx": 825.7407096415285}, {"id": 44, "img_name": "0027", "width": 719, "height": 720, "position": [-1.0283037107432822, 2.280148028589514, -1.2892632466655793], "rotation": [[0.9662191666499271, -0.09399083900776421, 0.23997134033241752], [0.13009011653588468, 0.98166815698486, -0.13929892728096793], [-0.22247940034529115, 0.16581119306176223, 0.9607338677685067]], "fy": 819.9293444550497, "fx": 825.7407096415285}, {"id": 45, "img_name": "0028", "width": 719, "height": 720, "position": [-1.0215266110273982, 2.2369066454603397, -1.346529632800978], "rotation": [[0.9662889910222014, -0.09574644500083468, 0.23899415076314723], [0.13066189511429468, 0.9822221877581567, -0.13478517366803217], [-0.22184015640644697, 0.16146885812837927, 0.9616208987227143]], "fy": 819.9293444550497, "fx": 825.7407096415285}, {"id": 46, "img_name": "0029", "width": 719, "height": 720, "position": [-1.004430548354013, 2.153655767098799, -1.4721357114494256], "rotation": [[0.966540420223984, -0.10016793352459807, 0.2361482609858813], [0.13238690657489896, 0.9833158168068792, -0.12475460466431383], [-0.21971190919195346, 0.15184330578208563, 0.9636754056467327]], "fy": 819.9293444550497, "fx": 825.7407096415285}, {"id": 47, "img_name": "0030", "width": 719, "height": 720, "position": [-0.9734048580505931, 2.048508358401225, -1.6818525608037749], "rotation": [[0.9666303446435948, -0.10540575976564769, 0.23348533706087773], [0.13411955638813944, 0.9847638802141867, -0.11068895527444259], [-0.2182606730688188, 0.13831025281491405, 0.9660396226645264]], "fy": 819.9293444550497, "fx": 825.7407096415285}, {"id": 48, "img_name": "0031", "width": 719, "height": 720, "position": [-0.9620972218791283, 2.019639194425069, -1.7485264777722385], "rotation": [[0.9665714828566705, -0.10718635676599714, 0.23291769673317933], [0.1348702015274078, 0.985140709396181, -0.10633819365752707], [-0.21805870142742148, 0.1341971222255593, 0.9666651618415577]], "fy": 819.9293444550497, "fx": 825.7407096415285}, {"id": 49, "img_name": "0032", "width": 719, "height": 720, "position": [-0.9548064508282619, 1.9288948315352688, -1.9275852528216209], "rotation": [[0.9667667154240773, -0.11006041449405127, 0.23075706513460945], [0.13506381386688115, 0.9862266418065208, -0.09547134216488849], [-0.2170711499298634, 0.12346544517568618, 0.9683162705003445]], "fy": 819.9293444550497, "fx": 825.7407096415285}, {"id": 50, "img_name": "0034", "width": 719, "height": 720, "position": [-0.9802449826089026, 1.8333785132851255, -2.10277065554678], "rotation": [[0.967103254286751, -0.10971196133562944, 0.22950943572730315], [0.1334003564591364, 0.9869364615628783, -0.09033695663636505], [-0.2166001856983301, 0.11798180528214723, 0.9691050785017145]], "fy": 819.9293444550497, "fx": 825.7407096415285}, {"id": 51, "img_name": "0035", "width": 719, "height": 720, "position": [-1.039055349334741, 1.7389161491350165, -2.278307632686712], "rotation": [[0.9675019570472819, -0.10786192441531689, 0.22870454383571795], [0.13087405332611995, 0.9874926813314634, -0.08792147907530169], [-0.21636068329451927, 0.11499569373772772, 0.9695174290058468]], "fy": 819.9293444550497, "fx": 825.7407096415285}, {"id": 52, "img_name": "0036", "width": 719, "height": 720, "position": [-1.0674564653583087, 1.7161725093947828, -2.3310944626372674], "rotation": [[0.9675535534301792, -0.10780675898450638, 0.22851219652764682], [0.1307289857022683, 0.98753799875623, -0.0876278112804168], [-0.21621760691925496, 0.11465776785633308, 0.9695893680978117]], "fy": 819.9293444550497, "fx": 825.7407096415285}, {"id": 53, "img_name": "0037", "width": 719, "height": 720, "position": [-1.174456835763494, 1.6645369673096917, -2.460374974109287], "rotation": [[0.9677346638583267, -0.10714177307805826, 0.22805758226531583], [0.12961975961086164, 0.9878324369391759, -0.08594064491980087], [-0.21607484417542427, 0.11272851011389587, 0.9698473821803445]], "fy": 819.9293444550497, "fx": 825.7407096415285}, {"id": 54, "img_name": "0038", "width": 719, "height": 720, "position": [-1.213297413495336, 1.6550658195941053, -2.504150155963248], "rotation": [[0.9676928449602401, -0.10696351554817268, 0.22831855849740393], [0.12941357845299453, 0.9878809551715095, -0.08569331433324785], [-0.21638549749173877, 0.11247232882359115, 0.9698078633029587]], "fy": 819.9293444550497, "fx": 825.7407096415285}, {"id": 55, "img_name": "0039", "width": 719, "height": 720, "position": [-1.2888936583023092, 1.6462417867979129, -2.590106400614025], "rotation": [[0.9679133590048414, -0.10647938975094176, 0.22760902666245902], [0.12848525767486277, 0.9881373722508796, -0.08411939206479675], [-0.21595200397354286, 0.11066468777073339, 0.9701123949627779]], "fy": 819.9293444550497, "fx": 825.7407096415285}, {"id": 56, "img_name": "0040", "width": 719, "height": 720, "position": [-1.4112495241474816, 1.6413434334671555, -2.7254181754560034], "rotation": [[0.9692485669592835, -0.10600674451726604, 0.2220805834921783], [0.12599286347747768, 0.9889748145695466, -0.0778114034051338], [-0.2113835703173758, 0.10339915988044529, 0.9719185150700119]], "fy": 819.9293444550497, "fx": 825.7407096415285}, {"id": 57, "img_name": "0042", "width": 719, "height": 720, "position": [-1.5601073355735962, 1.701414570708067, -2.921244133062338], "rotation": [[0.975211528534287, -0.10340689274632223, 0.1956258907874157], [0.11755109648964997, 0.9911233198800564, -0.06209915059013582], [-0.18746790212700493, 0.08355584553151248, 0.9787104813731249]], "fy": 819.9293444550497, "fx": 825.7407096415285}, {"id": 58, "img_name": "0043", "width": 719, "height": 720, "position": [-1.5842471939788172, 1.726506193601464, -2.968578576555723], "rotation": [[0.9768677647333703, -0.10172056110148643, 0.18810182793909042], [0.11440079852414464, 0.9917515944957647, -0.0578033918740631], [-0.18067049433116206, 0.07798526953410628, 0.9804470767021677]], "fy": 819.9293444550497, "fx": 825.7407096415285}, {"id": 59, "img_name": "0044", "width": 719, "height": 720, "position": [-1.595350146725211, 1.7812158588579767, -3.0473846870634054], "rotation": [[0.980141256240771, -0.09845594764286658, 0.17213234498056587], [0.10811348638190296, 0.9929965134178352, -0.04763820318161722], [-0.16623655397388834, 0.06530199624642481, 0.9839212658587672]], "fy": 819.9293444550497, "fx": 825.7407096415285}, {"id": 60, "img_name": "0045", "width": 719, "height": 720, "position": [-1.509320795278431, 1.8377098213102279, -3.1251676574412937], "rotation": [[0.9873816035943994, -0.09259290039512223, 0.1284683761856256], [0.09734349171915126, 0.9947619095409845, -0.031192754708392764], [-0.12490721958027876, 0.04330471247789785, 0.9912229256700688]], "fy": 819.9293444550497, "fx": 825.7407096415285}, {"id": 61, "img_name": "0046", "width": 719, "height": 720, "position": [-1.4540521942792006, 1.8398109150701538, -3.140578309769447], "rotation": [[0.9893843436393169, -0.08950952423209327, 0.11448434667299445], [0.09298515191071652, 0.9953440429602911, -0.025377109126202668], [-0.11167981950889354, 0.035753058823078866, 0.9931008693477487]], "fy": 819.9293444550497, "fx": 825.7407096415285}, {"id": 62, "img_name": "0047", "width": 719, "height": 720, "position": [-1.2415480947470001, 1.8015214632623773, -3.191824748548881], "rotation": [[0.993172565144649, -0.07719212471918653, 0.0874621731112121], [0.07835607720512267, 0.9968757927081949, -0.009948822916948048], [-0.08642095237280677, 0.016734090765425102, 0.9961181602587275]], "fy": 819.9293444550497, "fx": 825.7407096415285}, {"id": 63, "img_name": "0048", "width": 719, "height": 720, "position": [-1.1567764728327887, 1.7780714218006415, -3.20423196394568], "rotation": [[0.9939538036987806, -0.07395694402954252, 0.08115544678292973], [0.0747104266763491, 0.9971854754968419, -0.006283279714881893], [-0.08046234062319893, 0.012308447828572667, 0.9966816512073892]], "fy": 819.9293444550497, "fx": 825.7407096415285}, {"id": 64, "img_name": "0050", "width": 719, "height": 720, "position": [-0.6799055776133287, 1.6444425421350133, -3.243761597223696], "rotation": [[0.9961341174540557, -0.06577943119321163, 0.05822273160825874], [0.06550270561706248, 0.9978302275714125, 0.006650751959569147], [-0.05853388421140568, -0.0028112944848942317, 0.9982814638279353]], "fy": 819.9293444550497, "fx": 825.7407096415285}, {"id": 65, "img_name": "0051", "width": 719, "height": 720, "position": [-0.5836737954975285, 1.6213942073171739, -3.2419564690812996], "rotation": [[0.9964845166960393, -0.06407906315957067, 0.05396741284935324], [0.0636968564606212, 0.9979307187950239, 0.008774449400508076], [-0.054417997593588494, -0.005306048420322807, 0.9985041449027967]], "fy": 819.9293444550497, "fx": 825.7407096415285}, {"id": 66, "img_name": "0052", "width": 719, "height": 720, "position": [-0.3116674797524189, 1.5650353070497247, -3.2287599884912144], "rotation": [[0.9978150237473946, -0.05633897743454079, 0.034512287748230855], [0.055872708065670774, 0.9983350647430159, 0.014329654495721085], [-0.03526214510483885, -0.012370049562904566, 0.9993015375733277]], "fy": 819.9293444550497, "fx": 825.7407096415285}, {"id": 67, "img_name": "0053", "width": 719, "height": 720, "position": [-0.2253525322009333, 1.5476762676914844, -3.2165982711139467], "rotation": [[0.9982695311687069, -0.05283767067080284, 0.025809372295620813], [0.0524362021391951, 0.9984962148288449, 0.01599230057516397], [-0.02661555645534484, -0.014611280934699064, 0.9995389550307782]], "fy": 819.9293444550497, "fx": 825.7407096415285}, {"id": 68, "img_name": "0054", "width": 719, "height": 720, "position": [-0.057820912330113536, 1.5145116792748838, -3.176964456994375], "rotation": [[0.9993707538460759, -0.03405037644141356, 0.009933187873191581], [0.03384645920162321, 0.9992264810914238, 0.020021405674012855], [-0.010607240764635617, -0.019672604043404294, 0.999750206348322]], "fy": 819.9293444550497, "fx": 825.7407096415285}, {"id": 69, "img_name": "0055", "width": 719, "height": 720, "position": [0.17250975227155793, 1.4624325572149695, -3.0857890108624453], "rotation": [[0.9993759777040007, -0.0038052395932791404, -0.035116596358565455], [0.0048117921387856545, 0.9995786877606063, 0.028623305734967675], [0.03499288277044051, -0.0287744179163029, 0.9989732383947991]], "fy": 819.9293444550497, "fx": 825.7407096415285}, {"id": 70, "img_name": "0056", "width": 719, "height": 720, "position": [0.24583639846723376, 1.4489145534297891, -3.047343521934934], "rotation": [[0.9982352646470114, 0.0017904485508532938, -0.05935613455320245], [0.0001077488850538942, 0.9994891049293048, 0.03196118767810107], [0.05938303465880551, -0.03191118019760125, 0.9977250782520739]], "fy": 819.9293444550497, "fx": 825.7407096415285}, {"id": 71, "img_name": "0058", "width": 719, "height": 720, "position": [0.5305287970838163, 1.3938059825730404, -2.8607655758484136], "rotation": [[0.9882124120922517, 0.04675860521493976, -0.14577332206260168], [-0.03940509713643514, 0.9978203425265203, 0.0529320541819979], [0.14793061517644582, -0.04656390102441225, 0.9879009749033083]], "fy": 819.9293444550497, "fx": 825.7407096415285}, {"id": 72, "img_name": "0059", "width": 719, "height": 720, "position": [0.668678857244522, 1.3534655287419632, -2.762049484637275], "rotation": [[0.9821212130614848, 0.0771822326407596, -0.17169981310189353], [-0.06653966517952065, 0.9955380426290046, 0.06690649173441506], [0.1760976882654477, -0.05428543674870567, 0.9828747099933783]], "fy": 819.9293444550497, "fx": 825.7407096415285}, {"id": 73, "img_name": "0060", "width": 719, "height": 720, "position": [0.8540033555546206, 1.2719575707794408, -2.6574236977758687], "rotation": [[0.9718992140870596, 0.12059133944818, -0.20216242605155268], [-0.10613031362009674, 0.9910519859729119, 0.08094638738107615], [0.21011490710526842, -0.057216168599803705, 0.9760010429619956]], "fy": 819.9293444550497, "fx": 825.7407096415285}, {"id": 74, "img_name": "0061", "width": 719, "height": 720, "position": [0.9047082485583174, 1.2409809977508985, -2.6256226482235996], "rotation": [[0.9676136466522063, 0.13728900077134804, -0.21183852595697564], [-0.12165468839221691, 0.9889079052519402, 0.08521321330880673], [0.22118762986345336, -0.05668231820792435, 0.9735826350125414]], "fy": 819.9293444550497, "fx": 825.7407096415285}, {"id": 75, "img_name": "0062", "width": 719, "height": 720, "position": [1.0288527788042159, 1.1391771045960786, -2.5184675900143665], "rotation": [[0.9509911863824042, 0.19239977099837155, -0.24207042682401655], [-0.17251530994789116, 0.9798124457576901, 0.10102494232572816], [0.25662079272064137, -0.05431297504379465, 0.9649849063510381]], "fy": 819.9293444550497, "fx": 825.7407096415285}, {"id": 76, "img_name": "0063", "width": 719, "height": 720, "position": [1.0608502728838691, 1.1013519821404065, -2.4790776523615685], "rotation": [[0.9445283824907736, 0.21097661093585893, -0.25170420001935173], [-0.1893703058379517, 0.9760073818361317, 0.10746384446975686], [0.26833751496241304, -0.053837349854897916, 0.9618193790023146]], "fy": 819.9293444550497, "fx": 825.7407096415285}, {"id": 77, "img_name": "0064", "width": 719, "height": 720, "position": [1.106161995451387, 1.015386390998896, -2.4022735253826326], "rotation": [[0.9303945127990311, 0.24849718514263494, -0.2694720756027248], [-0.22292748142154006, 0.9671485010526085, 0.12217657279012775], [0.29098004842343145, -0.05359968178897598, 0.9552265100653448]], "fy": 819.9293444550497, "fx": 825.7407096415285}, {"id": 78, "img_name": "0066", "width": 719, "height": 720, "position": [1.1216877947227826, 0.8056764771626196, -2.278444507340829], "rotation": [[0.8954608032225562, 0.3121599219654498, -0.317342296283585], [-0.2732465736209295, 0.9482506181793527, 0.16173149083248198], [0.3514061181829883, -0.05811151556274834, 0.9344178893100046]], "fy": 819.9293444550497, "fx": 825.7407096415285}, {"id": 79, "img_name": "0067", "width": 719, "height": 720, "position": [1.1749944549603832, 0.5727642281178473, -2.220842126183697], "rotation": [[0.8722150703181178, 0.3445374299326676, -0.34718126459437954], [-0.2930666300341855, 0.9364071202471783, 0.1930120605319587], [0.39160288746428606, -0.06660078472344554, 0.9177208257437852]], "fy": 819.9293444550497, "fx": 825.7407096415285}, {"id": 80, "img_name": "0068", "width": 719, "height": 720, "position": [1.2091677768782545, 0.503876766715019, -2.19549939492684], "rotation": [[0.8666198536690739, 0.35191890784739066, -0.3537274537353477], [-0.29622355826291497, 0.9333346115769274, 0.2028253099655061], [0.40152413720304575, -0.07099003544192611, 0.9130929756116316]], "fy": 819.9293444550497, "fx": 825.7407096415285}, {"id": 81, "img_name": "0069", "width": 719, "height": 720, "position": [1.2632496989478146, 0.4114763021667395, -2.112075599729939], "rotation": [[0.8542997028812321, 0.3669288180385418, -0.36815113764577345], [-0.30121367746746164, 0.9267124081389457, 0.22466515775225096], [0.4236063481152832, -0.08103921948140003, 0.9022141135796309]], "fy": 819.9293444550497, "fx": 825.7407096415285}, {"id": 82, "img_name": "0070", "width": 719, "height": 720, "position": [1.317540502414893, 0.3264325459950486, -2.0238479955684445], "rotation": [[0.8215434696055275, 0.3955619459190389, -0.41060574093557817], [-0.2972020703908766, 0.9117064196793416, 0.28365883323255137], [0.4865565300187516, -0.11100518571769218, 0.8665682845799817]], "fy": 819.9293444550497, "fx": 825.7407096415285}, {"id": 83, "img_name": "0071", "width": 719, "height": 720, "position": [1.3366656793114837, 0.31007972165159087, -2.0036205269523686], "rotation": [[0.8102145117476682, 0.40154682962102445, -0.42698078244201054], [-0.29513271255145535, 0.9088705891289314, 0.29470482554320226], [0.5064080636556921, -0.11275812980771396, 0.854889745655403]], "fy": 819.9293444550497, "fx": 825.7407096415285}, {"id": 84, "img_name": "0072", "width": 719, "height": 720, "position": [1.3748728215515582, 0.29347040994634926, -1.8899292140452886], "rotation": [[0.7849035994576948, 0.42033941575322625, -0.45523742719880933], [-0.2962689350939592, 0.899875557588379, 0.3200760830697845], [0.5441976273897619, -0.11635616193068886, 0.8308490752983441]], "fy": 819.9293444550497, "fx": 825.7407096415285}, {"id": 85, "img_name": "0074", "width": 719, "height": 720, "position": [1.4247251245415906, 0.17309693603462756, -1.8054908539752477], "rotation": [[0.757788670680946, 0.44657175121093834, -0.4757415281515796], [-0.30674395572045376, 0.8873276549233381, 0.3443222014875278], [0.5759031830234772, -0.11499262510546136, 0.8093900295622513]], "fy": 819.9293444550497, "fx": 825.7407096415285}, {"id": 86, "img_name": "0075", "width": 719, "height": 720, "position": [1.5064317805602605, 0.03925816318004598, -1.7365718518737419], "rotation": [[0.723931671110991, 0.47695676548852, -0.49843272306017056], [-0.3207332623262088, 0.8723622543215237, 0.36893667704994626], [0.6107807380722112, -0.10722099183367932, 0.7845065639688218]], "fy": 819.9293444550497, "fx": 825.7407096415285}, {"id": 87, "img_name": "0076", "width": 719, "height": 720, "position": [1.547795146752279, -0.0002772414394000411, -1.7211252595597282], "rotation": [[0.710251718135224, 0.4873956717753235, -0.5079251480490441], [-0.32539965685448796, 0.8671398354460756, 0.37707236586832266], [0.6242255683684734, -0.10253762683636598, 0.7744859423371235]], "fy": 819.9293444550497, "fx": 825.7407096415285}, {"id": 88, "img_name": "0077", "width": 719, "height": 720, "position": [1.711436478186199, -0.05221508779392352, -1.6634094717687415], "rotation": [[0.6610455417574082, 0.519423133198839, -0.5414964454366767], [-0.338515177748017, 0.8504946974973436, 0.40257451976389436], [0.6696463739593334, -0.08281532603813595, 0.7380483423301714]], "fy": 819.9293444550497, "fx": 825.7407096415285}, {"id": 89, "img_name": "0078", "width": 719, "height": 720, "position": [1.7819808592761004, -0.056070929331981746, -1.6399968103005937], "rotation": [[0.6437878006818166, 0.5300547798638541, -0.5518869431656729], [-0.3446256222390499, 0.844785660525528, 0.4093535980870268], [0.6832060071381231, -0.07334247141955813, 0.7265331607686288]], "fy": 819.9293444550497, "fx": 825.7407096415285}, {"id": 90, "img_name": "0079", "width": 719, "height": 720, "position": [1.9458074686060918, -0.061508005598132846, -1.584576811599985], "rotation": [[0.611093563798769, 0.5501496319087187, -0.5691221650879721], [-0.3596210277132714, 0.833463663309293, 0.4195366949022504], [0.7051506028574109, -0.05170787612883433, 0.7071696563315445]], "fy": 819.9293444550497, "fx": 825.7407096415285}, {"id": 91, "img_name": "0080", "width": 719, "height": 720, "position": [2.2340115490735926, -0.11975596854584562, -1.5241775161200342], "rotation": [[0.5561880177586148, 0.5756451829636927, -0.5994059661301676], [-0.3757803602737505, 0.817512596743101, 0.43641983799878087], [0.7412449053681738, -0.017486494704447887, 0.6710068649191886]], "fy": 819.9293444550497, "fx": 825.7407096415285}, {"id": 92, "img_name": "0082", "width": 719, "height": 720, "position": [2.6191668689620076, -0.3025933130697079, -1.4831560162452022], "rotation": [[0.48403705316174245, 0.6070302393642547, -0.6302558366757677], [-0.4031738204111762, 0.7939580775196546, 0.4550620195933195], [0.7766331191119478, 0.033835774539230194, 0.6290438288861734]], "fy": 819.9293444550497, "fx": 825.7407096415285}, {"id": 93, "img_name": "0083", "width": 719, "height": 720, "position": [2.719901738118375, -0.3279546499778975, -1.4560070430606749], "rotation": [[0.46942310273943527, 0.6139410853681988, -0.6346008937209271], [-0.4114801995561982, 0.7880019637710274, 0.4579704689892086], [0.7812336372607575, 0.04614378387088029, 0.6225309271212192]], "fy": 819.9293444550497, "fx": 825.7407096415285}, {"id": 94, "img_name": "0084", "width": 719, "height": 720, "position": [2.891621557070629, -0.34504629492249095, -1.3338480428749395], "rotation": [[0.4394636223048102, 0.6281741420167437, -0.6420817486677711], [-0.42868506502405007, 0.7748208588920369, 0.4646307691609891], [0.7893673667539475, 0.07106253532864093, 0.6097944542028935]], "fy": 819.9293444550497, "fx": 825.7407096415285}, {"id": 95, "img_name": "0085", "width": 719, "height": 720, "position": [3.0759361710644724, -0.34472097558805237, -1.1437381032783356], "rotation": [[0.3918043296548869, 0.6471785614967578, -0.653948986391654], [-0.45539507166931015, 0.7540159226454904, 0.4733659441662168], [0.7994402391442329, 0.11233831909040286, 0.5901486305168845]], "fy": 819.9293444550497, "fx": 825.7407096415285}, {"id": 96, "img_name": "0086", "width": 719, "height": 720, "position": [3.1188311510023503, -0.33310457253153386, -1.0882271061338493], "rotation": [[0.37553952138424074, 0.6526695719965494, -0.6580216544068564], [-0.4639980587429355, 0.7470042923691087, 0.4761201409990073], [0.8022941289585028, 0.12651884038343178, 0.5833670488352499]], "fy": 819.9293444550497, "fx": 825.7407096415285}, {"id": 97, "img_name": "0087", "width": 719, "height": 720, "position": [3.1831204153235686, -0.23819696783896888, -0.9084553645353586], "rotation": [[0.3158563815765114, 0.6714772056363574, -0.6703380554080023], [-0.49978080298293237, 0.718291728474567, 0.4840208071712972], [0.8065072195505312, 0.18214103084096037, 0.5624684432899891]], "fy": 819.9293444550497, "fx": 825.7407096415285}, {"id": 98, "img_name": "0088", "width": 719, "height": 720, "position": [3.1866768035098922, -0.20252297776885717, -0.8533712986456392], "rotation": [[0.29633799072305816, 0.6765167732907797, -0.6741727157861347], [-0.512772656775655, 0.7082129278389754, 0.4852820327448591], [0.8057592678445946, 0.20188983208170208, 0.5567696992335028]], "fy": 819.9293444550497, "fx": 825.7407096415285}, {"id": 99, "img_name": "0090", "width": 719, "height": 720, "position": [3.171477853573685, -0.1621912741431911, -0.5170192462088884], "rotation": [[0.20171337898130332, 0.687689302461921, -0.6974203438525304], [-0.5477270737000425, 0.6695090884191975, 0.5017495722570007], [0.8119770720136948, 0.28078640245484066, 0.5117149897360199]], "fy": 819.9293444550497, "fx": 825.7407096415285}, {"id": 100, "img_name": "0091", "width": 719, "height": 720, "position": [3.17334598430956, -0.16946160980414024, -0.43187072912690383], "rotation": [[0.1838676517882042, 0.6882490831863435, -0.7017876360545608], [-0.5478309924381686, 0.6645451124465735, 0.5081938579396472], [0.8161335003233863, 0.29102060582805533, 0.499232527619514]], "fy": 819.9293444550497, "fx": 825.7407096415285}, {"id": 101, "img_name": "0092", "width": 719, "height": 720, "position": [3.205006393686546, -0.23863067195457885, -0.15558063737333244], "rotation": [[0.13185522856953266, 0.6853544571078739, -0.7161727911762967], [-0.5409593991096285, 0.6551636705110879, 0.5273741493071008], [0.83064861837