[{"id": 0, "img_name": "0001", "width": 720, "height": 720, "position": [2.719514253778327, 2.0147769143715992, -1.7895411040547102], "rotation": [[0.7241140824436605, 0.3151840232580743, -0.6134474933436677], [-0.39018027905786684, 0.9206542366694284, 0.012454972378838374], [0.5686986420250189, 0.2303362932442175, 0.7896372879831685]], "fy": 824.1889870562468, "fx": 821.9203858437259}, {"id": 1, "img_name": "0009", "width": 720, "height": 720, "position": [1.9421119892282928, 1.5098530735553832, -2.4117715775319253], "rotation": [[0.8727340994625647, 0.2693156237240775, -0.40719072491079317], [-0.27377262350266807, 0.9605687464603488, 0.048541054212493516], [0.4042075484893033, 0.06911423978967701, 0.9120523447711553]], "fy": 824.1889870562468, "fx": 821.9203858437259}, {"id": 2, "img_name": "0017", "width": 720, "height": 720, "position": [-0.4166521312926681, 2.2061251551594583, -2.8168395055663615], "rotation": [[0.9677635620502844, -0.06818149418776397, 0.242456123490559], [0.07075508864618511, 0.9974918844695181, -0.0019125501614052317], [-0.2417176149940583, 0.019005900867186284, 0.9701604868957564]], "fy": 824.1889870562468, "fx": 821.9203858437259}, {"id": 3, "img_name": "0025", "width": 720, "height": 720, "position": [-2.637174195086597, 1.7837267178009875, -1.6398561400443405], "rotation": [[0.4683121010178616, -0.4582493504212475, 0.7554411352837102], [0.4918306758392198, 0.8454871597058841, 0.20797607813403257], [-0.7340206825040916, 0.2741514100109309, 0.6213329558660524]], "fy": 824.1889870562468, "fx": 821.9203858437259}, {"id": 4, "img_name": "0033", "width": 720, "height": 720, "position": [-3.924163682510555, -0.32857408190444565, 1.2707129375583173], "rotation": [[-0.4193671625343231, -0.49913999447520474, 0.7582812465722747], [0.4551650198326496, 0.6070966193713516, 0.6513512873009617], [-0.7854654592715418, 0.6182984398032788, -0.0274053211653685]], "fy": 824.1889870562468, "fx": 821.9203858437259}, {"id": 5, "img_name": "0041", "width": 720, "height": 720, "position": [-1.3404155093761718, -2.239431225451809, 3.758657129989005], "rotation": [[-0.9668133641206861, -0.22693511461292687, 0.11735575279149707], [0.018801103427433342, 0.39490413091746934, 0.9185299373968324], [-0.2547909681828463, 0.8902534364662321, -0.3775319607563202]], "fy": 824.1889870562468, "fx": 821.9203858437259}, {"id": 6, "img_name": "0049", "width": 720, "height": 720, "position": [2.111089611830651, -1.124536035829362, 2.98635612231504], "rotation": [[-0.8126249466273119, 0.21496310631356133, -0.5416932333368972], [-0.45667911293284175, 0.34256444998753954, 0.8210321463959904], [0.36205646511259887, 0.9145711894263664, -0.18020725718297317]], "fy": 824.1889870562468, "fx": 821.9203858437259}, {"id": 7, "img_name": "0057", "width": 720, "height": 720, "position": [1.3509850322705121, -1.481168262152379, 0.7445560015055329], "rotation": [[-0.6093580770494188, 0.6742723446563851, -0.4171804635481092], [-0.605409202411034, -0.05589873599978021, 0.7939490090362622], [0.5120179992643523, 0.7363641331197547, 0.4422730286645591]], "fy": 824.1889870562468, "fx": 821.9203858437259}, {"id": 8, "img_name": "0002", "width": 720, "height": 720, "position": [2.7230874815074344, 1.9725934348838976, -1.8283681425361265], "rotation": [[0.7242797250982573, 0.3149735807417969, -0.6133600274278423], [-0.38842766477356805, 0.921365594120671, 0.014470356222825498], [0.5696866059950377, 0.2277654174921066, 0.7896708716576171]], "fy": 824.1889870562468, "fx": 821.9203858437259}, {"id": 9, "img_name": "0003", "width": 720, "height": 720, "position": [2.7136458588405175, 1.9004323300903678, -1.8500762144461693], "rotation": [[0.7238374073876096, 0.31613168064075603, -0.6132863671741242], [-0.38858778926358245, 0.9212683488248096, 0.0162529839983498], [0.5701394019900969, 0.22655107580600883, 0.7896934040179864]], "fy": 824.1889870562468, "fx": 821.9203858437259}, {"id": 10, "img_name": "0004", "width": 720, "height": 720, "position": [2.6891583572402578, 1.7517758513836537, -1.9084135025718552], "rotation": [[0.7233133154166868, 0.3225949966450164, -0.6105328131071438], [-0.3898765083999771, 0.9205411314950136, 0.024501702465808583], [0.5699246932172384, 0.2203099937939318, 0.7916118687183474]], "fy": 824.1889870562468, "fx": 821.9203858437259}, {"id": 11, "img_name": "0005", "width": 720, "height": 720, "position": [2.6421469645452387, 1.694958402374043, -2.0049427232963266], "rotation": [[0.7231877931194548, 0.3315470498402906, -0.6058679473492656], [-0.3886429902734693, 0.9205268183808808, 0.039837203125585155], [0.5709256011025508, 0.2066565517562242, 0.7945671951584197]], "fy": 824.1889870562468, "fx": 821.9203858437259}, {"id": 12, "img_name": "0006", "width": 720, "height": 720, "position": [2.608311999599528, 1.688598929078675, -2.045430133099732], "rotation": [[0.7239935353460291, 0.3419866196229095, -0.5990646983223545], [-0.38467353557877804, 0.9210415429872636, 0.06089948371672474], [0.5725902826650839, 0.18635350302727474, 0.7983813249988897]], "fy": 824.1889870562468, "fx": 821.9203858437259}, {"id": 13, "img_name": "0007", "width": 720, "height": 720, "position": [2.5532487367750236, 1.610284550396581, -2.139386614732249], "rotation": [[0.7283545783693526, 0.34848998384726826, -0.5899613032449953], [-0.3804383104255228, 0.9217754724670935, 0.07481089705811864], [0.5698827073433411, 0.16995502203876647, 0.8039583262550531]], "fy": 824.1889870562468, "fx": 821.9203858437259}, {"id": 14, "img_name": "0008", "width": 720, "height": 720, "position": [2.307010762179465, 1.5994122136684144, -2.4122532798116], "rotation": [[0.7598912820671018, 0.3401271347735513, -0.5539663993683648], [-0.3611672773876666, 0.9294597670330162, 0.07525117415237656], [0.5404844467538326, 0.14289182502041692, 0.8291311652323399]], "fy": 824.1889870562468, "fx": 821.9203858437259}, {"id": 15, "img_name": "0010", "width": 720, "height": 720, "position": [1.5265328971626646, 1.5835291480898217, -2.5413780687940295], "rotation": [[0.9569041841108699, 0.16904525187549208, -0.23613149990939733], [-0.1681226868719, 0.9854692752415083, 0.0241882143605074], [0.23678924086639438, 0.016553258692119526, 0.9714200147395504]], "fy": 824.1889870562468, "fx": 821.9203858437259}, {"id": 16, "img_name": "0011", "width": 720, "height": 720, "position": [1.2301449395476327, 1.6344944664985026, -2.831063140441636], "rotation": [[0.9928637828604047, 0.07437573153273982, -0.09321887814760038], [-0.07387985410121185, 0.9972286387718289, 0.008764084166037037], [0.09361237013403201, -0.0018145446413751405, 0.9956070668620396]], "fy": 824.1889870562468, "fx": 821.9203858437259}, {"id": 17, "img_name": "0012", "width": 720, "height": 720, "position": [0.9534895678695334, 1.8572194023437971, -3.002146285362753], "rotation": [[0.9991721276158892, 0.02682697237382025, -0.030583867459680367], [-0.026669846594599846, 0.9996289781454701, 0.005534016124223975], [0.03072098107413762, -0.004713767611682258, 0.9995168841579143]], "fy": 824.1889870562468, "fx": 821.9203858437259}, {"id": 18, "img_name": "0013", "width": 720, "height": 720, "position": [0.7223006229551348, 2.2098256373245717, -2.9827170863167627], "rotation": [[0.9998060588192696, 0.015898985137649202, -0.011621833756842241], [-0.015855614269439204, 0.9998670156598771, 0.003814510656665236], [0.011680935083186792, -0.003629499552812536, 0.999925188445905]], "fy": 824.1889870562468, "fx": 821.9203858437259}, {"id": 19, "img_name": "0014", "width": 720, "height": 720, "position": [0.4061976291752828, 2.4709597563970487, -3.0513698678184595], "rotation": [[0.9999994195480525, -0.0009542818619041077, -0.0005002496238675826], [0.0009539870291859633, 0.9999993713293835, -0.0005892788694730157], [0.0005008116475120847, 0.0005888012957724235, 0.9999997012503192]], "fy": 824.1889870562468, "fx": 821.9203858437259}, {"id": 20, "img_name": "0015", "width": 720, "height": 720, "position": [0.226230743694056, 2.33238610240586, -3.1039130793579583], "rotation": [[0.9980078822055304, -0.029960103746803607, 0.05552170061438024], [0.030398747437133507, 0.9995128287360533, -0.007072577062587338], [-0.055282756894763085, 0.008746277810224886, 0.998432431071117]], "fy": 824.1889870562468, "fx": 821.9203858437259}, {"id": 21, "img_name": "0016", "width": 720, "height": 720, "position": [0.04968652803033749, 2.226259507220646, -2.968947784302074], "rotation": [[0.9861546657436301, -0.053779754127480046, 0.15686527110248857], [0.055331534575102446, 0.9984526720311385, -0.00553922336107427], [-0.15632465101075288, 0.01414212713375967, 0.987604477372647]], "fy": 824.1889870562468, "fx": 821.9203858437259}, {"id": 22, "img_name": "0018", "width": 720, "height": 720, "position": [-0.8719196719629375, 2.198895709292198, -2.6609250360104815], "rotation": [[0.9468560346840925, -0.08463576893335374, 0.310323115799285], [0.08901123775146688, 0.9960306199155222, 6.119356590430755e-05], [-0.3090965045681823, 0.02756430314302582, 0.9506311377479548]], "fy": 824.1889870562468, "fx": 821.9203858437259}, {"id": 23, "img_name": "0019", "width": 720, "height": 720, "position": [-1.1783684987746972, 1.9648681495401468, -2.561140594262054], "rotation": [[0.9146229022235834, -0.137780127014362, 0.3801073313263184], [0.14736092820544414, 0.989074963561945, 0.003933610728971214], [-0.3764966182670693, 0.052415198700791095, 0.9249340210948116]], "fy": 824.1889870562468, "fx": 821.9203858437259}, {"id": 24, "img_name": "0020", "width": 720, "height": 720, "position": [-1.0988780314135271, 1.9904551037105056, -2.4738406046024406], "rotation": [[0.8838300473323829, -0.1967680525401369, 0.4244134551731363], [0.21129761655569526, 0.9773340702120932, 0.013093221167675483], [-0.4173700572277798, 0.07810536922789114, 0.9053738380511415]], "fy": 824.1889870562468, "fx": 821.9203858437259}, {"id": 25, "img_name": "0021", "width": 720, "height": 720, "position": [-1.1459030136391033, 2.1244870429399354, -2.304712609983211], "rotation": [[0.8456980266290655, -0.24944997825533924, 0.4717727801644719], [0.267136105529764, 0.9631787461931497, 0.030413878479781324], [-0.4619882562123145, 0.10030658617559932, 0.8811954606622199]], "fy": 824.1889870562468, "fx": 821.9203858437259}, {"id": 26, "img_name": "0022", "width": 720, "height": 720, "position": [-1.3724995786649614, 2.190105996229626, -2.0630059110932986], "rotation": [[0.7843074057317921, -0.2940716054647425, 0.546245168558638], [0.313193756952796, 0.9477577996080442, 0.06053778892486197], [-0.5355105637800799, 0.1236003403777958, 0.8354348520013002]], "fy": 824.1889870562468, "fx": 821.9203858437259}, {"id": 27, "img_name": "0023", "width": 720, "height": 720, "position": [-1.766952925900691, 2.025499530344391, -1.8457317847316745], "rotation": [[0.7016392169159809, -0.3403498501727299, 0.6259907257882736], [0.35718204470114184, 0.9281920136308031, 0.10430998406244034], [-0.6165414797307969, 0.15040467186691844, 0.772822772990007]], "fy": 824.1889870562468, "fx": 821.9203858437259}, {"id": 28, "img_name": "0024", "width": 720, "height": 720, "position": [-2.285798913495036, 1.766238330848489, -1.635516465492193], "rotation": [[0.5610823469756214, -0.4152659437202218, 0.716059212564493], [0.43921525633472613, 0.8825930639004174, 0.16768852720951022], [-0.7016242288541275, 0.22041705818975868, 0.67759852563581]], "fy": 824.1889870562468, "fx": 821.9203858437259}, {"id": 29, "img_name": "0026", "width": 720, "height": 720, "position": [-3.074855507747949, 1.6989680274131131, -1.6228791899940311], "rotation": [[0.3881049803251322, -0.4751353798152518, 0.7896967108293189], [0.4993775565385703, 0.8285875101914013, 0.25311024076552346], [-0.7745944618136611, 0.2961234688480983, 0.5588508843376503]], "fy": 824.1889870562468, "fx": 821.9203858437259}, {"id": 30, "img_name": "0027", "width": 720, "height": 720, "position": [-3.567593872892905, 1.317882021138209, -1.3375237056985287], "rotation": [[0.28513042822394774, -0.4927796958002325, 0.822112407343338], [0.5033685041673737, 0.8069011468251003, 0.309080391265183], [-0.8156719854899571, 0.3256972684247877, 0.4781218478876518]], "fy": 824.1889870562468, "fx": 821.9203858437259}, {"id": 31, "img_name": "0028", "width": 720, "height": 720, "position": [-3.959991778754269, 0.8025907553597411, -0.7637930929284581], "rotation": [[0.17436149785044874, -0.5093159195634075, 0.8427308954503973], [0.5154617036477931, 0.7764195954899147, 0.36259046293551594], [-0.838985876007375, 0.37117368686176794, 0.3979105352231574]], "fy": 824.1889870562468, "fx": 821.9203858437259}, {"id": 32, "img_name": "0029", "width": 720, "height": 720, "position": [-4.233160659264979, 0.18820050916445313, 0.02148415188089232], "rotation": [[-0.011493965437980053, -0.5231605022072254, 0.8521566626441371], [0.5159609761083824, 0.7268954443221844, 0.45321880384306557], [-0.8565349729531161, 0.44488886472234557, 0.2615754922661275]], "fy": 824.1889870562468, "fx": 821.9203858437259}, {"id": 33, "img_name": "0030", "width": 720, "height": 720, "position": [-4.309278208268032, 0.028904632192364766, 0.4735813126507547], "rotation": [[-0.15830483262154768, -0.520420420636357, 0.8391079583422747], [0.5079093182277621, 0.6858493443604478, 0.5211897939309188], [-0.846739454865588, 0.5086976141334074, 0.15575311537463854]], "fy": 824.1889870562468, "fx": 821.9203858437259}, {"id": 34, "img_name": "0031", "width": 720, "height": 720, "position": [-4.2858699499646145, -0.011918757280769559, 0.7361516551132469], "rotation": [[-0.2668755149635666, -0.5159482480983535, 0.8139870175851521], [0.49624082405832676, 0.6504737571615373, 0.5750034224090027], [-0.8261492020518105, 0.5573879228404516, 0.08243906489500578]], "fy": 824.1889870562468, "fx": 821.9203858437259}, {"id": 35, "img_name": "0032", "width": 720, "height": 720, "position": [-4.16767961480393, -0.10472491235869184, 0.994261608737133], "rotation": [[-0.3501868960588647, -0.5093552522470588, 0.7860829249112286], [0.4716952031142314, 0.6291483454658278, 0.6177993159243826], [-0.8092420980075624, 0.5871367697614809, 0.01994092290672855]], "fy": 824.1889870562468, "fx": 821.9203858437259}, {"id": 36, "img_name": "0034", "width": 720, "height": 720, "position": [-3.452767361028627, -0.710335587179161, 1.6905972462877943], "rotation": [[-0.5195066370171934, -0.4776023029862267, 0.7085258599919545], [0.43275655808397234, 0.567923568308965, 0.7001318318677747], [-0.7367731099398237, 0.6703423459259196, -0.08835453428169675]], "fy": 824.1889870562468, "fx": 821.9203858437259}, {"id": 37, "img_name": "0035", "width": 720, "height": 720, "position": [-3.243930652696314, -1.0040594522967061, 2.1354418431296716], "rotation": [[-0.5926157670763288, -0.46299892255662034, 0.6591195265837164], [0.40135322567216697, 0.5397394944650908, 0.739997882670697], [-0.6983710624410785, 0.7030741609716404, -0.13403202348298213]], "fy": 824.1889870562468, "fx": 821.9203858437259}, {"id": 38, "img_name": "0036", "width": 720, "height": 720, "position": [-3.0963439229296825, -1.403048817224866, 2.599049863021752], "rotation": [[-0.6562357348357926, -0.459417850767769, 0.5985732191807873], [0.3504399467025452, 0.516968623958291, 0.7809835373410814], [-0.6682413516684256, 0.7222732725489674, -0.1782549176930627]], "fy": 824.1889870562468, "fx": 821.9203858437259}, {"id": 39, "img_name": "0037", "width": 720, "height": 720, "position": [-2.680541082272088, -1.9641406687865635, 3.0866777246902117], "rotation": [[-0.7432993942365123, -0.4346983344553463, 0.5084716005337774], [0.2738131267608016, 0.4958051767754809, 0.8241380941905956], [-0.6103543086938165, 0.7518075449903265, -0.2495055774016107]], "fy": 824.1889870562468, "fx": 821.9203858437259}, {"id": 40, "img_name": "0038", "width": 720, "height": 720, "position": [-2.3309935757891416, -2.398219690899529, 3.3345216632635664], "rotation": [[-0.8265198910170884, -0.37984477261993027, 0.41543088289920516], [0.21429431284248818, 0.47011598164632407, 0.8561944354433044], [-0.5205216779697704, 0.7966862070564714, -0.30716163538031194]], "fy": 824.1889870562468, "fx": 821.9203858437259}, {"id": 41, "img_name": "0039", "width": 720, "height": 720, "position": [-2.0755684301686106, -2.522889951111076, 3.649169243814031], "rotation": [[-0.9092620778826839, -0.2870398279830556, 0.3014143508128336], [0.15657126543992023, 0.435095344777603, 0.8866664986292202], [-0.38565258013269677, 0.8534050492610861, -0.35067350817060217]], "fy": 824.1889870562468, "fx": 821.9203858437259}, {"id": 42, "img_name": "0040", "width": 720, "height": 720, "position": [-1.7677046316364609, -2.2953618547289873, 3.8511827539849928], "rotation": [[-0.9454993706401922, -0.24912007181987433, 0.20969055757344177], [0.09219441748064286, 0.41280940643282626, 0.9061393840607429], [-0.31229974304248986, 0.8760865161483986, -0.3673435540724192]], "fy": 824.1889870562468, "fx": 821.9203858437259}, {"id": 43, "img_name": "0042", "width": 720, "height": 720, "position": [-0.7426177941655415, -2.268469571499066, 3.6782417841262314], "rotation": [[-0.9812037475240764, -0.18916461203571452, 0.0381569836083297], [-0.03844930503426076, 0.3854064510997934, 0.9219455072796034], [-0.1891054118397755, 0.9031492772537884, -0.3854355020089208]], "fy": 824.1889870562468, "fx": 821.9203858437259}, {"id": 44, "img_name": "0043", "width": 720, "height": 720, "position": [-0.3579462819271075, -2.144403860007088, 3.7377799293037484], "rotation": [[-0.9874855900941564, -0.15377227641015442, -0.03501851458921379], [-0.09014370748799037, 0.3681406833085004, 0.9253899444523211], [-0.12940757843617787, 0.9169659341004929, -0.37739522299903994]], "fy": 824.1889870562468, "fx": 821.9203858437259}, {"id": 45, "img_name": "0044", "width": 720, "height": 720, "position": [0.13143585467313784, -1.9989239089926845, 3.7176969394072628], "rotation": [[-0.9850305655861956, -0.08976391637333764, -0.14716393640515407], [-0.16993945202958233, 0.36253473971469596, 0.9163455380716834], [-0.02890272486851508, 0.927637322350345, -0.37236223046632544]], "fy": 824.1889870562468, "fx": 821.9203858437259}, {"id": 46, "img_name": "0045", "width": 720, "height": 720, "position": [0.629772632856378, -1.9633408193628539, 3.715949087316051], "rotation": [[-0.9661248037975664, -0.013099641070672265, -0.2577426291689699], [-0.24433750354109712, 0.3679300623395541, 0.8971770469590249], [0.08307856432569073, 0.9297611890322328, -0.35866709288552057]], "fy": 824.1889870562468, "fx": 821.9203858437259}, {"id": 47, "img_name": "0046", "width": 720, "height": 720, "position": [1.1407002551214436, -1.9008589421669653, 3.714900625762663], "rotation": [[-0.935385157487417, 0.06349430479802994, -0.34788371679406743], [-0.30199895838343654, 0.3683981820889678, 0.8792493437978006], [0.18398705467385312, 0.9274973060293806, -0.32541897765908173]], "fy": 824.1889870562468, "fx": 821.9203858437259}, {"id": 48, "img_name": "0047", "width": 720, "height": 720, "position": [1.6060964184226167, -1.9058525021234374, 3.5503741489755365], "rotation": [[-0.8985256549174776, 0.10820351487138984, -0.4253747134287536], [-0.36501263923629795, 0.354007672363671, 0.8610716236791268], [0.24375688842137275, 0.9289620914101567, -0.27858932511852913]], "fy": 824.1889870562468, "fx": 821.9203858437259}, {"id": 49, "img_name": "0048", "width": 720, "height": 720, "position": [1.8177856222834372, -1.7032860977153905, 3.296179823105982], "rotation": [[-0.867751127419623, 0.14158267328847038, -0.47640563334879177], [-0.4065194960161501, 0.3492567645395716, 0.8442521020300306], [0.2859193596466466, 0.9262688913311513, -0.24551183419829484]], "fy": 824.1889870562468, "fx": 821.9203858437259}, {"id": 50, "img_name": "0050", "width": 720, "height": 720, "position": [2.3299957038851646, -0.8680111602555586, 2.7137331247055188], "rotation": [[-0.7409314682428624, 0.29286966098492534, -0.6043574447643135], [-0.5138191943778139, 0.33225905800285643, 0.7909448488131068], [0.43244698502407164, 0.8965663835152584, -0.09569913841806862]], "fy": 824.1889870562468, "fx": 821.9203858437259}, {"id": 51, "img_name": "0051", "width": 720, "height": 720, "position": [2.790864980331883, -0.8329653896318888, 2.4927791646397504], "rotation": [[-0.6452663784511705, 0.3690282984660024, -0.6689165985171822], [-0.5803987918198421, 0.3325459606630267, 0.7433373571271472], [0.4967580329441867, 0.8678889900085099, -0.0003971491285964458]], "fy": 824.1889870562468, "fx": 821.9203858437259}, {"id": 52, "img_name": "0052", "width": 720, "height": 720, "position": [3.294573802345286, -0.922444939550848, 2.1016731643750095], "rotation": [[-0.5634521422086742, 0.44766485001979267, -0.6943470785545315], [-0.6236852072091462, 0.3206853106513956, 0.7128658315846695], [0.5417918841667348, 0.8347197814770981, 0.09851111948346251]], "fy": 824.1889870562468, "fx": 821.9203858437259}, {"id": 53, "img_name": "0053", "width": 720, "height": 720, "position": [3.35686009575856, -1.0491650863614963, 1.6705171290340712], "rotation": [[-0.5469296049197634, 0.493375842808404, -0.6763492330116212], [-0.635416132407669, 0.28137095366396303, 0.7190804719294716], [0.5450819625876377, 0.8230496122150407, 0.15960886533736196]], "fy": 824.1889870562468, "fx": 821.9203858437259}, {"id": 54, "img_name": "0054", "width": 720, "height": 720, "position": [3.053395742657957, -1.2472803758516051, 1.2317865867779323], "rotation": [[-0.5556087906681427, 0.5528993667444957, -0.620967923475778], [-0.6356148145586141, 0.1990148115263671, 0.7459134750805506], [0.5359969022726739, 0.8091324953594811, 0.24085664970566464]], "fy": 824.1889870562468, "fx": 821.9203858437259}, {"id": 55, "img_name": "0055", "width": 720, "height": 720, "position": [2.500287866131231, -1.464042185651939, 0.987753313884477], "rotation": [[-0.5773921597846897, 0.5941742714406025, -0.5599778825785889], [-0.6216727683629563, 0.12467244146541079, 0.7732915048123779], [0.5292837262708057, 0.7946154525914296, 0.2973970739731781]], "fy": 824.1889870562468, "fx": 821.9203858437259}, {"id": 56, "img_name": "0056", "width": 720, "height": 720, "position": [1.930441050199235, -1.515476950146385, 0.8411290937345247], "rotation": [[-0.5909156056413414, 0.6433347540650801, -0.48676394815305407], [-0.6138957157485723, 0.03287748095922114, 0.7887021753687028], [0.5234030924584555, 0.7648787259806606, 0.37551263273973445]], "fy": 824.1889870562468, "fx": 821.9203858437259}, {"id": 57, "img_name": "0058", "width": 720, "height": 720, "position": [0.8454951618742476, -1.3836930476708236, 0.6880453460139152], "rotation": [[-0.6346265868722034, 0.6810369342452716, -0.3652913760667494], [-0.5837745063730432, -0.1127178473359957, 0.8040534886441628], [0.5064152653147885, 0.7235215139066293, 0.46910574284526907]], "fy": 824.1889870562468, "fx": 821.9203858437259}, {"id": 58, "img_name": "0059", "width": 720, "height": 720, "position": [0.41329763105445605, -1.3667029246169196, 0.49078048678901837], "rotation": [[-0.714952441874819, 0.6407037686217295, -0.2798958497926439], [-0.48890025657337205, -0.17194572504241964, 0.8552258220856801], [0.49981951240395167, 0.7482869426320023, 0.4361732528557046]], "fy": 824.1889870562468, "fx": 821.9203858437259}, {"id": 59, "img_name": "0060", "width": 720, "height": 720, "position": [0.4613555682363359, -1.7329953664245954, 0.16751350436266588], "rotation": [[-0.774148148663006, 0.5877778608792764, -0.2349719774394847], [-0.4244119000029465, -0.206553372887295, 0.8815952831570565], [0.46964793522119197, 0.7822102597186151, 0.4093628299362407]], "fy": 824.1889870562468, "fx": 821.9203858437259}, {"id": 60, "img_name": "0061", "width": 720, "height": 720, "position": [0.7353359912395968, -2.138368237516858, 0.05069957903767133], "rotation": [[-0.8241207442030074, 0.5285451215763001, -0.20362969683269236], [-0.37504239802458816, -0.23978718687925824, 0.8954581535127688], [0.42446224644630803, 0.8143354096847476, 0.39584042476145365]], "fy": 824.1889870562468, "fx": 821.9203858437259}, {"id": 61, "img_name": "0062", "width": 720, "height": 720, "position": [1.1447408277481845, -2.3583215322285156, 0.22984807417990033], "rotation": [[-0.8402300618217514, 0.5062972708531853, -0.1941043964922775], [-0.3479946829758344, -0.22898611910086317, 0.9091012363206166], [0.4158282624252031, 0.8314014859174484, 0.36858977927052605]], "fy": 824.1889870562468, "fx": 821.9203858437259}, {"id": 62, "img_name": "0063", "width": 720, "height": 720, "position": [1.5000386860196675, -2.484339698456734, 0.42195166119574024], "rotation": [[-0.8415661037246229, 0.5054086262352016, -0.19060066523704233], [-0.33453425389641966, -0.21063758341568226, 0.9185415839376936], [0.42409117655490386, 0.8367759132407238, 0.346341948063514]], "fy": 824.1889870562468, "fx": 821.9203858437259}]